0 -4942.9
1 -4942.9
2 -4942.9
3 -4942.9
4 -4942.9
5 -4942.9
6 -4942.9
7 -4942.9
8 -4942.9
9 -4942.9
10 -4942.9
11 -4942.9
12 -4942.9
13 -4942.9
14 -4942.9
15 -4942.9
16 -4942.9
17 -4942.9
18 -4942.9
19 -4942.9
20 -4942.9
21 -4942.9
22 -4942.9
23 -4942.9
24 -4942.9
25 -4942.9
26 -4942.9
27 -4942.9
28 -4942.9
29 -4942.9
30 -4942.9
31 -4942.9
32 -4942.9
33 -4942.9
34 -4942.9
35 -3220.45
36 -3220.45
37 -3220.45
38 -3220.45
39 -3220.45
40 -3220.45
41 -3220.45
42 -3220.45
43 -3220.45
44 -3220.45
45 -3220.45
46 -3220.45
47 -3220.45
48 -3058.61
49 -3058.61
50 -3058.61
51 -2385.88
52 -2385.88
53 -2385.88
54 -2385.88
55 -2385.88
56 -2385.88
57 -2385.88
58 -2385.88
59 -1893.89
60 -1893.89
61 -1893.89
62 -1893.89
63 -1893.89
64 -1893.89
65 -1893.89
66 -1893.89
67 -1893.89
68 -1893.89
69 -1893.89
70 -1893.89
71 -1893.89
72 -1893.89
73 -1893.89
74 -1893.89
75 -1793.72
76 -1793.72
77 -1793.72
78 -1793.72
79 -1793.72
80 -1793.72
81 -1793.72
82 -1793.72
83 -1793.72
84 -1793.72
85 -1793.72
86 -1402.07
87 -1402.07
88 -1402.07
89 -1402.07
90 -1402.07
91 -1402.07
92 -1198.45
93 -979.62
94 -682.819
95 -682.819
96 -682.819
97 -682.819
98 -682.819
99 -682.819
100 -682.819
101 -682.819
102 -682.819
103 -682.819
104 -682.819
105 -682.819
106 -682.819
107 -682.819
108 -682.819
109 -682.819
110 -404.669
111 -404.669
112 -404.669
113 -404.669
114 -404.669
115 -346.038
116 -346.038
117 -346.038
118 -346.038
119 -346.038
120 -346.038
121 -346.038
122 -346.038
123 -346.038
124 -346.038
125 -346.038
126 -246.368
127 -246.368
128 -246.368
129 -246.368
130 -246.368
131 -246.368
132 -246.368
133 -246.368
134 -246.368
135 -246.368
136 -129.96
137 -129.96
138 -129.96
139 -129.96
140 -129.96
141 -129.96
142 -129.96
143 -129.96
144 -129.96
145 -129.96
146 -129.96
147 -129.96
148 -129.96
149 -129.96
150 -129.96
151 -129.96
152 -129.96
153 -129.96
154 -129.96
155 -129.96
156 -129.96
157 -129.96
158 -129.96
159 -129.96
160 -129.96
161 -129.96
162 -125.426
163 -125.426
164 -125.426
165 -125.426
166 -125.426
167 -97.1098
168 -97.1098
169 -97.1098
170 -97.1098
171 -97.1098
172 -97.1098
173 -97.1098
174 -97.1098
175 -97.1098
176 -97.1098
177 -97.1098
178 -97.1098
179 -24.1133
180 -24.1133
181 -24.1133
182 -24.1133
183 -24.1133
184 -24.1133
185 -24.1133
186 -24.1133
187 -24.1133
188 -24.1133
189 -24.1133
190 -24.1133
191 -24.1133
192 -24.1133
193 -24.1133
194 -24.1133
195 -24.1133
196 -24.1133
197 -24.1133
198 -24.1133
199 -24.1133
200 -24.1133
201 -24.1133
202 -24.1133
203 -24.1133
204 -24.1133
205 -24.1133
206 -24.1133
207 -24.1133
208 -24.1133
209 -24.1133
210 -24.1133
211 -24.1133
212 -24.1133
213 -24.1133
214 -24.1133
215 -24.1133
216 -24.1133
217 -24.1133
218 -24.1133
219 -12.0444
220 -12.0444
221 -12.0444
222 -12.0444
223 -12.0444
224 -12.0444
225 -12.0444
226 -12.0444
227 -12.0444
228 -12.0444
229 -12.0444
230 -12.0444
231 -12.0444
232 -12.0444
233 -12.0444
234 -12.0444
235 -12.0444
236 -12.0444
237 -12.0444
238 -12.0444
239 -12.0444
240 -12.0444
241 -12.0444
242 -12.0444
243 -12.0444
244 -12.0444
245 -12.0444
246 -12.0444
247 -12.0444
248 -12.0444
249 -12.0444
250 -12.0444
251 -12.0444
252 -12.0444
253 -12.0444
254 -10.2894
255 -10.2894
256 -10.2894
257 -10.2894
258 -10.2894
259 -10.2894
260 -10.2894
261 -10.2894
262 -10.2894
263 -10.2894
264 -10.2894
265 -10.2894
266 -10.246
267 -10.246
268 -10.246
269 -10.246
270 -10.246
271 -10.0492
272 -10.0492
273 -10.0492
274 -10.0492
275 -10.0492
276 -10.0492
277 -10.0492
278 -10.0492
279 -10.0492
280 -10.0492
281 -10.0492
282 -10.0492
283 -10.0492
284 -10.0492
285 -10.0492
286 -10.0492
287 -10.0492
288 -10.0492
289 -10.0492
290 -10.0492
291 -10.0492
292 -10.0492
293 -10.0492
294 -10.0492
295 -10.0492
296 -10.0492
297 -10.0492
298 -10.0492
299 -10.0492
300 -10.0492
301 -10.0492
302 -10.0492
303 -10.0492
304 -10.0492
305 -9.96939
306 -9.96939
307 -9.96939
308 -9.96939
309 -9.96939
310 -9.96939
311 -9.96939
312 -9.96939
313 -9.78924
314 -9.78924
315 -9.78924
316 -9.78924
317 -9.78924
318 -9.78924
319 -9.78924
320 -9.78924
321 -9.78924
322 -9.78924
323 -9.78924
324 -9.78924
325 -9.78924
326 -9.78924
327 -9.73187
328 -9.73187
329 -9.73187
330 -9.73187
331 -9.73187
332 -9.73187
333 -9.73187
334 -9.73187
335 -9.73187
336 -9.73187
337 -9.73187
338 -9.73187
339 -9.73187
340 -9.65703
341 -9.65703
342 -9.65703
343 -9.65703
344 -9.65703
345 -9.65703
346 -9.65703
347 -9.65703
348 -9.56579
349 -9.56579
350 -9.56579
351 -9.56579
352 -9.56579
353 -9.56579
354 -9.56579
355 -9.56579
356 -9.56579
357 -9.56579
358 -9.56579
359 -9.56579
360 -9.56579
361 -9.56579
362 -9.56579
363 -9.56579
364 -9.56579
365 -9.56579
366 -9.56579
367 -9.56579
368 -9.56579
369 -9.56579
370 -9.56579
371 -9.56579
372 -9.56579
373 -9.56579
374 -9.56579
375 -9.56579
376 -9.56579
377 -9.56579
378 -9.56579
379 -9.56579
380 -9.56579
381 -9.56579
382 -9.56579
383 -9.56579
384 -9.56579
385 -9.56579
386 -9.53155
387 -9.53155
388 -9.53155
389 -9.53155
390 -9.53155
391 -9.53155
392 -9.53155
393 -9.53155
394 -9.53155
395 -9.53155
396 -9.53155
397 -9.53155
398 -9.53155
399 -9.53155
400 -9.53155
401 -9.53155
402 -9.53155
403 -9.53155
404 -9.53155
405 -9.53155
406 -9.53155
407 -9.53155
408 -9.53155
409 -9.53155
410 -9.53155
411 -9.53155
412 -9.53155
413 -9.53155
414 -9.53155
415 -9.53155
416 -9.53155
417 -9.53155
418 -9.53155
419 -9.53155
420 -9.53155
421 -9.53155
422 -9.53155
423 -9.53155
424 -9.53155
425 -9.53155
426 -9.53155
427 -9.53155
428 -9.53155
429 -9.53155
430 -9.53155
431 -9.53155
432 -9.53155
433 -9.53155
434 -9.53155
435 -9.53155
436 -9.53155
437 -9.53155
438 -9.53155
439 -9.53155
440 -9.53155
441 -9.53155
442 -9.53155
443 -9.53155
444 -9.53155
445 -9.53155
446 -9.53155
447 -9.53155
448 -9.53155
449 -9.53155
450 -9.53155
451 -9.53155
452 -9.53155
453 -9.52282
454 -9.52282
455 -9.52282
456 -9.52282
457 -9.52116
458 -9.52116
459 -9.52116
460 -9.52116
461 -9.52116
462 -9.52116
463 -9.51676
464 -9.51676
465 -9.51676
466 -9.51676
467 -9.51676
468 -9.51676
469 -9.51676
470 -9.51676
471 -9.51676
472 -9.51676
473 -9.51543
474 -9.5053
475 -9.5053
476 -9.5053
477 -9.5053
478 -9.5053
479 -9.5053
480 -9.5053
481 -9.5053
482 -9.50341
483 -9.50341
484 -9.48247
485 -9.48247
486 -9.48247
487 -9.48247
488 -9.48247
489 -9.48247
490 -9.48247
491 -9.48247
492 -9.48247
493 -9.48247
494 -9.48247
495 -9.48247
496 -9.48247
497 -9.48247
498 -9.48247
499 -9.48247
500 -9.48247
501 -9.48247
502 -9.48247
503 -9.48247
504 -9.48247
505 -9.48247
506 -9.48247
507 -9.48247
508 -9.48247
509 -9.48247
510 -9.48247
511 -9.48247
512 -9.48247
513 -9.48247
514 -9.48247
515 -9.48247
516 -9.48247
517 -9.48247
518 -9.48247
519 -9.48247
520 -9.48247
521 -9.48247
522 -9.48247
523 -9.48247
524 -9.47616
525 -9.47616
526 -9.47616
527 -9.47616
528 -9.47616
529 -9.47616
530 -9.47616
531 -9.47616
532 -9.47616
533 -9.47616
534 -9.47616
535 -9.47616
536 -9.47616
537 -9.46723
538 -9.46723
539 -9.46723
540 -9.46723
541 -9.46723
542 -9.46723
543 -9.4591
544 -9.4591
545 -9.4591
546 -9.4591
547 -9.4591
548 -9.4591
549 -9.4591
550 -9.4591
551 -9.4591
552 -9.4591
553 -9.4591
554 -9.4591
555 -9.4591
556 -9.4591
557 -9.4591
558 -9.4591
559 -9.4591
560 -9.4591
561 -9.4591
562 -9.4591
563 -9.4591
564 -9.4591
565 -9.4591
566 -9.4591
567 -9.4591
568 -9.4591
569 -9.4591
570 -9.4591
571 -9.4591
572 -9.4591
573 -9.4591
574 -9.4591
575 -9.4591
576 -9.4591
577 -9.4591
578 -9.4591
579 -9.4591
580 -9.4591
581 -9.4591
582 -9.4591
583 -9.4591
584 -9.4591
585 -9.4591
586 -9.4591
587 -9.4591
588 -9.4591
589 -9.4591
590 -9.4591
591 -9.4591
592 -9.4591
593 -9.4591
594 -9.4591
595 -9.4591
596 -9.4591
597 -9.4591
598 -9.4591
599 -9.4591
600 -9.4591
601 -9.4591
602 -9.4591
603 -9.4591
604 -9.4591
605 -9.4591
606 -9.4591
607 -9.4591
608 -9.4591
609 -9.4591
610 -9.4591
611 -9.4591
612 -9.4591
613 -9.4591
614 -9.4591
615 -9.4591
616 -9.4591
617 -9.4591
618 -9.4591
619 -9.4591
620 -9.4591
621 -9.45319
622 -9.45319
623 -9.45319
624 -9.45319
625 -9.45319
626 -9.45319
627 -9.45319
628 -9.45319
629 -9.45319
630 -9.45319
631 -9.45319
632 -9.45319
633 -9.45319
634 -9.45319
635 -9.43214
636 -9.43214
637 -9.43214
638 -9.43214
639 -9.43214
640 -9.43214
641 -9.43214
642 -9.43214
643 -9.43214
644 -9.43214
645 -9.43214
646 -9.43214
647 -9.43214
648 -9.43214
649 -9.43214
650 -9.43214
651 -9.43214
652 -9.43214
653 -9.43214
654 -9.43214
655 -9.43214
656 -9.43214
657 -9.43214
658 -9.43214
659 -9.43214
660 -9.43214
661 -9.43214
662 -9.43214
663 -9.43214
664 -9.43214
665 -9.43214
666 -9.43214
667 -9.43214
668 -9.43214
669 -9.43214
670 -9.43214
671 -9.43214
672 -9.43214
673 -9.43214
674 -9.43214
675 -9.43214
676 -9.43214
677 -9.43214
678 -9.43214
679 -9.43214
680 -9.43214
681 -9.43214
682 -9.43214
683 -9.43214
684 -9.43214
685 -9.43214
686 -9.43214
687 -9.43214
688 -9.43214
689 -9.43214
690 -9.43214
691 -9.43214
692 -9.43214
693 -9.43214
694 -9.43214
695 -9.43214
696 -9.43214
697 -9.43214
698 -9.43214
699 -9.43214
700 -9.43214
701 -9.43214
702 -9.43214
703 -9.43214
704 -9.43214
705 -9.43214
706 -9.43214
707 -9.43214
708 -9.43214
709 -9.43214
710 -9.43214
711 -9.43214
712 -9.43214
713 -9.43214
714 -9.43214
715 -9.43214
716 -9.43214
717 -9.43214
718 -9.43214
719 -9.43214
720 -9.43214
721 -9.43214
722 -9.43214
723 -9.43214
724 -9.43214
725 -9.43214
726 -9.43214
727 -9.43214
728 -9.43214
729 -9.43214
730 -9.43214
731 -9.43214
732 -9.43214
733 -9.43214
734 -9.43214
735 -9.43214
736 -9.43214
737 -9.43214
738 -9.43214
739 -9.43214
740 -9.43214
741 -9.43214
742 -9.43214
743 -9.43214
744 -9.43214
745 -9.43214
746 -9.43214
747 -9.43214
748 -9.43214
749 -9.43214
750 -9.43214
751 -9.43214
752 -9.43214
753 -9.43214
754 -9.43214
755 -9.43214
756 -9.43214
757 -9.43214
758 -9.43214
759 -9.43214
760 -9.43214
761 -9.43214
762 -9.43214
763 -9.43214
764 -9.43214
765 -9.43214
766 -9.43214
767 -9.43214
768 -9.43214
769 -9.43214
770 -9.43214
771 -9.43214
772 -9.43214
773 -9.43214
774 -9.43214
775 -9.43214
776 -9.43214
777 -9.43214
778 -9.43214
779 -9.43214
780 -9.43214
781 -9.43214
782 -9.43214
783 -9.43214
784 -9.43214
785 -9.43214
786 -9.43214
787 -9.43214
788 -9.43214
789 -9.43214
790 -9.43214
791 -9.43214
792 -9.43214
793 -9.43214
794 -9.43214
795 -9.43214
796 -9.43214
797 -9.43214
798 -9.43214
799 -9.43214
800 -9.43214
801 -9.43214
802 -9.43214
803 -9.43214
804 -9.43214
805 -9.43214
806 -9.43214
807 -9.43214
808 -9.43214
809 -9.43214
810 -9.43214
811 -9.43214
812 -9.43214
813 -9.43214
814 -9.43214
815 -9.43214
816 -9.43214
817 -9.43214
818 -9.43214
819 -9.43214
820 -9.43214
821 -9.43214
822 -9.43214
823 -9.43214
824 -9.43214
825 -9.43214
826 -9.43214
827 -9.43214
828 -9.43214
829 -9.43214
830 -9.43214
831 -9.43214
832 -9.43214
833 -9.42924
834 -9.42924
835 -9.42516
836 -9.42516
837 -9.42516
838 -9.42516
839 -9.42516
840 -9.42516
841 -9.42516
842 -9.42516
843 -9.42516
844 -9.42516
845 -9.42516
846 -9.42516
847 -9.42516
848 -9.42516
849 -9.42516
850 -9.42516
851 -9.42516
852 -9.42516
853 -9.42516
854 -9.42516
855 -9.42516
856 -9.42516
857 -9.42516
858 -9.42516
859 -9.42516
860 -9.42516
861 -9.42516
862 -9.42516
863 -9.42516
864 -9.42516
865 -9.42516
866 -9.42516
867 -9.42516
868 -9.42516
869 -9.42516
870 -9.42516
871 -9.42516
872 -9.42516
873 -9.42516
874 -9.42516
875 -9.42516
876 -9.42516
877 -9.42516
878 -9.42516
879 -9.42516
880 -9.42516
881 -9.42516
882 -9.42516
883 -9.42516
884 -9.42516
885 -9.42516
886 -9.42516
887 -9.42516
888 -9.42516
889 -9.42516
890 -9.42516
891 -9.42516
892 -9.42516
893 -9.42516
894 -9.42516
895 -9.42516
896 -9.42516
897 -9.42516
898 -9.42516
899 -9.42516
900 -9.42516
901 -9.42516
902 -9.42516
903 -9.42516
904 -9.42516
905 -9.42516
906 -9.42516
907 -9.42516
908 -9.42516
909 -9.42516
910 -9.42516
911 -9.42516
912 -9.42516
913 -9.42516
914 -9.42516
915 -9.42516
916 -9.42516
917 -9.42516
918 -9.42516
919 -9.42516
920 -9.42516
921 -9.42516
922 -9.42516
923 -9.42516
924 -9.42516
925 -9.42516
926 -9.42516
927 -9.42516
928 -9.42516
929 -9.42516
930 -9.42516
931 -9.42516
932 -9.42516
933 -9.42516
934 -9.42516
935 -9.42516
936 -9.42516
937 -9.42516
938 -9.42516
939 -9.42516
940 -9.42516
941 -9.42516
942 -9.42516
943 -9.42516
944 -9.42516
945 -9.42516
946 -9.42516
947 -9.42516
948 -9.42516
949 -9.42516
950 -9.41643
951 -9.41643
952 -9.41643
953 -9.41643
954 -9.41643
955 -9.41643
956 -9.41643
957 -9.41643
958 -9.41643
959 -9.41643
960 -9.41643
961 -9.41643
962 -9.41643
963 -9.41643
964 -9.41643
965 -9.41643
966 -9.41643
967 -9.41643
968 -9.41643
969 -9.41643
970 -9.41643
971 -9.41643
972 -9.41643
973 -9.41643
974 -9.41643
975 -9.41643
976 -9.41643
977 -9.41643
978 -9.41643
979 -9.41643
980 -9.41643
981 -9.41643
982 -9.41643
983 -9.41643
984 -9.41643
985 -9.41643
986 -9.41643
987 -9.41643
988 -9.41643
989 -9.41643
990 -9.41643
991 -9.41643
992 -9.41643
993 -9.41643
994 -9.41643
995 -9.41643
996 -9.41643
997 -9.41643
998 -9.41643
999 -9.41643
