0 -4542.55
1 -4542.55
2 -4542.55
3 -4542.55
4 -4542.55
5 -4542.55
6 -4542.55
7 -4542.55
8 -4542.55
9 -4542.55
10 -4542.55
11 -4542.55
12 -4542.55
13 -4542.55
14 -4542.55
15 -4542.55
16 -4542.55
17 -4542.55
18 -4542.55
19 -4542.55
20 -4542.55
21 -4542.55
22 -4542.55
23 -4542.55
24 -4151.71
25 -1989.41
26 -1916.07
27 -1916.07
28 -1916.07
29 -1916.07
30 -1916.07
31 -1916.07
32 -1916.07
33 -1916.07
34 -1916.07
35 -1916.07
36 -1916.07
37 -1916.07
38 -1916.07
39 -1916.07
40 -1916.07
41 -1916.07
42 -1916.07
43 -1916.07
44 -1916.07
45 -1916.07
46 -1916.07
47 -1916.07
48 -1916.07
49 -1916.07
50 -1916.07
51 -1916.07
52 -1105.85
53 -1105.85
54 -1105.85
55 -1105.85
56 -1105.85
57 -1105.85
58 -1105.85
59 -1105.85
60 -1105.85
61 -1105.85
62 -1105.85
63 -1105.85
64 -1105.85
65 -1105.85
66 -1105.85
67 -1105.85
68 -1105.85
69 -1105.85
70 -1105.85
71 -1105.85
72 -958.298
73 -958.298
74 -958.298
75 -958.298
76 -958.298
77 -958.298
78 -958.298
79 -958.298
80 -958.298
81 -958.298
82 -655.573
83 -655.573
84 -655.573
85 -655.573
86 -655.573
87 -655.573
88 -655.573
89 -539.827
90 -539.827
91 -539.827
92 -539.827
93 -539.827
94 -539.827
95 -539.827
96 -539.827
97 -367.595
98 -315.984
99 -315.984
100 -315.984
101 -315.984
102 -270.916
103 -270.916
104 -270.916
105 -270.916
106 -270.916
107 -270.916
108 -270.916
109 -270.916
110 -270.916
111 -270.916
112 -231.268
113 -231.268
114 -231.268
115 -231.268
116 -231.268
117 -231.268
118 -231.268
119 -231.268
120 -231.268
121 -231.268
122 -231.268
123 -188.299
124 -188.299
125 -188.299
126 -188.299
127 -188.299
128 -188.299
129 -165.575
130 -165.575
131 -146.641
132 -146.641
133 -146.641
134 -146.641
135 -146.641
136 -146.641
137 -146.641
138 -146.641
139 -146.641
140 -116.897
141 -116.897
142 -116.897
143 -116.897
144 -116.897
145 -116.897
146 -112.37
147 -112.37
148 -112.37
149 -112.37
150 -106.924
151 -106.924
152 -66.4045
153 -66.4045
154 -66.4045
155 -66.4045
156 -66.4045
157 -66.4045
158 -66.4045
159 -66.4045
160 -66.4045
161 -66.4045
162 -66.4045
163 -56.2825
164 -56.2825
165 -56.2825
166 -56.2825
167 -56.2825
168 -48.1189
169 -48.1189
170 -48.1189
171 -48.1189
172 -48.1189
173 -48.1189
174 -48.1189
175 -38.5495
176 -36.516
177 -36.516
178 -36.516
179 -36.516
180 -34.3739
181 -34.3739
182 -34.3739
183 -34.3739
184 -34.3739
185 -34.3739
186 -32.4754
187 -32.4754
188 -32.4754
189 -32.4754
190 -32.4754
191 -15.0899
192 -15.0899
193 -14.5863
194 -14.5863
195 -14.5863
196 -14.5863
197 -14.5863
198 -14.5863
199 -14.5863
200 -14.5863
201 -14.5863
202 -14.5863
203 -14.5863
204 -14.5863
205 -14.5863
206 -14.5863
207 -14.5863
208 -14.5863
209 -14.5863
210 -14.5863
211 -14.5863
212 -14.5863
213 -14.5863
214 -14.5863
215 -14.5863
216 -14.5863
217 -14.5863
218 -14.5863
219 -14.5863
220 -14.5863
221 -14.5863
222 -14.5863
223 -14.5863
224 -14.5863
225 -14.5863
226 -14.5863
227 -14.5863
228 -14.5863
229 -14.5863
230 -14.5863
231 -14.5863
232 -14.5863
233 -12.3827
234 -12.3827
235 -12.3827
236 -12.3827
237 -12.3827
238 -12.3827
239 -12.3827
240 -12.3827
241 -12.3827
242 -12.3827
243 -12.3827
244 -12.3827
245 -12.3827
246 -12.3827
247 -12.3827
248 -12.3827
249 -12.3827
250 -12.3827
251 -12.3827
252 -12.3827
253 -12.3827
254 -12.3827
255 -12.3827
256 -11.3913
257 -11.3913
258 -11.3913
259 -11.3913
260 -11.3913
261 -11.1315
262 -11.1315
263 -11.1315
264 -11.1315
265 -11.1315
266 -11.1315
267 -11.1315
268 -10.6771
269 -10.6771
270 -10.6771
271 -10.6771
272 -10.6771
273 -10.6771
274 -10.6771
275 -10.6771
276 -10.6771
277 -10.6771
278 -10.3304
279 -10.3304
280 -10.3304
281 -10.3304
282 -10.3304
283 -10.3304
284 -10.3304
285 -10.3304
286 -10.3304
287 -10.3304
288 -10.3304
289 -10.3304
290 -10.3304
291 -10.3304
292 -10.3304
293 -10.3304
294 -10.3304
295 -10.3304
296 -10.3304
297 -10.3304
298 -10.3304
299 -10.3304
300 -10.3304
301 -10.3304
302 -9.66866
303 -9.66866
304 -9.66866
305 -9.66866
306 -9.66866
307 -9.66866
308 -9.66866
309 -9.66866
310 -9.66866
311 -9.66866
312 -9.66866
313 -9.66866
314 -9.66866
315 -9.66866
316 -9.66866
317 -9.66866
318 -9.66866
319 -9.66866
320 -9.66866
321 -9.66866
322 -9.66866
323 -9.66866
324 -9.66866
325 -9.66866
326 -9.66866
327 -9.66866
328 -9.66866
329 -9.66866
330 -9.66866
331 -9.66866
332 -9.64071
333 -9.64071
334 -9.64071
335 -9.64071
336 -9.64071
337 -9.64071
338 -9.64071
339 -9.64071
340 -9.64071
341 -9.64071
342 -9.64071
343 -9.64071
344 -9.64071
345 -9.64071
346 -9.64071
347 -9.64071
348 -9.64071
349 -9.64071
350 -9.64071
351 -9.64071
352 -9.64071
353 -9.64071
354 -9.64071
355 -9.64071
356 -9.63416
357 -9.63416
358 -9.63416
359 -9.63416
360 -9.63416
361 -9.63416
362 -9.63416
363 -9.63416
364 -9.63416
365 -9.63416
366 -9.63005
367 -9.63005
368 -9.63005
369 -9.63005
370 -9.63005
371 -9.63005
372 -9.63005
373 -9.63005
374 -9.63005
375 -9.63005
376 -9.63005
377 -9.51435
378 -9.51435
379 -9.51435
380 -9.51435
381 -9.51435
382 -9.51435
383 -9.51435
384 -9.50234
385 -9.50234
386 -9.50234
387 -9.50234
388 -9.50234
389 -9.50234
390 -9.50234
391 -9.50234
392 -9.50234
393 -9.50234
394 -9.50234
395 -9.50234
396 -9.50234
397 -9.50234
398 -9.50234
399 -9.50234
400 -9.50234
401 -9.50234
402 -9.50234
403 -9.50234
404 -9.50234
405 -9.50234
406 -9.50234
407 -9.50234
408 -9.50234
409 -9.50234
410 -9.50234
411 -9.50234
412 -9.50234
413 -9.50234
414 -9.50234
415 -9.50234
416 -9.50234
417 -9.50234
418 -9.50234
419 -9.50234
420 -9.50234
421 -9.50234
422 -9.50234
423 -9.50234
424 -9.50234
425 -9.50234
426 -9.50234
427 -9.50234
428 -9.50234
429 -9.50234
430 -9.50234
431 -9.50234
432 -9.50234
433 -9.50234
434 -9.50234
435 -9.50234
436 -9.50234
437 -9.50234
438 -9.50234
439 -9.50234
440 -9.50234
441 -9.50234
442 -9.50234
443 -9.50234
444 -9.50234
445 -9.50234
446 -9.50234
447 -9.50234
448 -9.50234
449 -9.50234
450 -9.50234
451 -9.50234
452 -9.50234
453 -9.50234
454 -9.50234
455 -9.50234
456 -9.50234
457 -9.50234
458 -9.50234
459 -9.50234
460 -9.50234
461 -9.50234
462 -9.50234
463 -9.50234
464 -9.50234
465 -9.50234
466 -9.50234
467 -9.50234
468 -9.50234
469 -9.50234
470 -9.50234
471 -9.50234
472 -9.50234
473 -9.50234
474 -9.50234
475 -9.50234
476 -9.50234
477 -9.50234
478 -9.50234
479 -9.50234
480 -9.50234
481 -9.50234
482 -9.50234
483 -9.50234
484 -9.50234
485 -9.50234
486 -9.50234
487 -9.50234
488 -9.50091
489 -9.50091
490 -9.50091
491 -9.50091
492 -9.50091
493 -9.50091
494 -9.50091
495 -9.50091
496 -9.50091
497 -9.50091
498 -9.50091
499 -9.50091
500 -9.50091
501 -9.50091
502 -9.50091
503 -9.50091
504 -9.50091
505 -9.49769
506 -9.49769
507 -9.47626
508 -9.47626
509 -9.47626
510 -9.47626
511 -9.47626
512 -9.47626
513 -9.47626
514 -9.47626
515 -9.47626
516 -9.47626
517 -9.47626
518 -9.47626
519 -9.47626
520 -9.47626
521 -9.47626
522 -9.47626
523 -9.47626
524 -9.47626
525 -9.47626
526 -9.47626
527 -9.47626
528 -9.47626
529 -9.47626
530 -9.47626
531 -9.47626
532 -9.47626
533 -9.47626
534 -9.47626
535 -9.47626
536 -9.47626
537 -9.47626
538 -9.47626
539 -9.47626
540 -9.47626
541 -9.47626
542 -9.47626
543 -9.47626
544 -9.47626
545 -9.47626
546 -9.47626
547 -9.47626
548 -9.47626
549 -9.47626
550 -9.47626
551 -9.47626
552 -9.47626
553 -9.47626
554 -9.47626
555 -9.47626
556 -9.47626
557 -9.47626
558 -9.47626
559 -9.47626
560 -9.47626
561 -9.47626
562 -9.47407
563 -9.47407
564 -9.47407
565 -9.47407
566 -9.47407
567 -9.47407
568 -9.47407
569 -9.47407
570 -9.47407
571 -9.47407
572 -9.47407
573 -9.47407
574 -9.47407
575 -9.47407
576 -9.47407
577 -9.47407
578 -9.47407
579 -9.47407
580 -9.47407
581 -9.47407
582 -9.47407
583 -9.47407
584 -9.47407
585 -9.47407
586 -9.47407
587 -9.47407
588 -9.47407
589 -9.47407
590 -9.47407
591 -9.47407
592 -9.47407
593 -9.47407
594 -9.46855
595 -9.46855
596 -9.46855
597 -9.46855
598 -9.46855
599 -9.46855
600 -9.46827
601 -9.46827
602 -9.46827
603 -9.46827
604 -9.46827
605 -9.46827
606 -9.46827
607 -9.46827
608 -9.45182
609 -9.45182
610 -9.45182
611 -9.45182
612 -9.45182
613 -9.45182
614 -9.45182
615 -9.45182
616 -9.45182
617 -9.44592
618 -9.44592
619 -9.43445
620 -9.43445
621 -9.43445
622 -9.43445
623 -9.43445
624 -9.43445
625 -9.43445
626 -9.43445
627 -9.43445
628 -9.43445
629 -9.43445
630 -9.43445
631 -9.43445
632 -9.43445
633 -9.43445
634 -9.43445
635 -9.43445
636 -9.43445
637 -9.43445
638 -9.43445
639 -9.43445
640 -9.43445
641 -9.43445
642 -9.43445
643 -9.43445
644 -9.43445
645 -9.43445
646 -9.43445
647 -9.43445
648 -9.43445
649 -9.43445
650 -9.43445
651 -9.43445
652 -9.43445
653 -9.43445
654 -9.43445
655 -9.43445
656 -9.43445
657 -9.43445
658 -9.43445
659 -9.43445
660 -9.43445
661 -9.43445
662 -9.43445
663 -9.43445
664 -9.43445
665 -9.43445
666 -9.43445
667 -9.43445
668 -9.43445
669 -9.43445
670 -9.43445
671 -9.43445
672 -9.43445
673 -9.43445
674 -9.43445
675 -9.43445
676 -9.43445
677 -9.43445
678 -9.43445
679 -9.43445
680 -9.43445
681 -9.43445
682 -9.43445
683 -9.43445
684 -9.43445
685 -9.43445
686 -9.43445
687 -9.43445
688 -9.43445
689 -9.43445
690 -9.43445
691 -9.43445
692 -9.43445
693 -9.43445
694 -9.43445
695 -9.43445
696 -9.43445
697 -9.43445
698 -9.43445
699 -9.43445
700 -9.43445
701 -9.43445
702 -9.43445
703 -9.43445
704 -9.43445
705 -9.43445
706 -9.43445
707 -9.43445
708 -9.43445
709 -9.43251
710 -9.43251
711 -9.43251
712 -9.43251
713 -9.43251
714 -9.43251
715 -9.43251
716 -9.43251
717 -9.43251
718 -9.43251
719 -9.43251
720 -9.43251
721 -9.43251
722 -9.43251
723 -9.43251
724 -9.43251
725 -9.43251
726 -9.43251
727 -9.43251
728 -9.43251
729 -9.43251
730 -9.43251
731 -9.43251
732 -9.43251
733 -9.43251
734 -9.43251
735 -9.43251
736 -9.43251
737 -9.43251
738 -9.43251
739 -9.43251
740 -9.43251
741 -9.43251
742 -9.43251
743 -9.43251
744 -9.43251
745 -9.43251
746 -9.43251
747 -9.43251
748 -9.43251
749 -9.43251
750 -9.43251
751 -9.43251
752 -9.43251
753 -9.43251
754 -9.43251
755 -9.43251
756 -9.43251
757 -9.43251
758 -9.43251
759 -9.43251
760 -9.43251
761 -9.43251
762 -9.43251
763 -9.43251
764 -9.43251
765 -9.43251
766 -9.43251
767 -9.43251
768 -9.43251
769 -9.43251
770 -9.43251
771 -9.43251
772 -9.43251
773 -9.43251
774 -9.43251
775 -9.43251
776 -9.43251
777 -9.43251
778 -9.43251
779 -9.43251
780 -9.43251
781 -9.43251
782 -9.43251
783 -9.43251
784 -9.43251
785 -9.43251
786 -9.43251
787 -9.43251
788 -9.43251
789 -9.43251
790 -9.43251
791 -9.43251
792 -9.43251
793 -9.43251
794 -9.43251
795 -9.43251
796 -9.4275
797 -9.4275
798 -9.4275
799 -9.4275
800 -9.4275
801 -9.4275
802 -9.4275
803 -9.4275
804 -9.4275
805 -9.4275
806 -9.4275
807 -9.4275
808 -9.4275
809 -9.4275
810 -9.4275
811 -9.4275
812 -9.4275
813 -9.4275
814 -9.4275
815 -9.4275
816 -9.4275
817 -9.4275
818 -9.4275
819 -9.4275
820 -9.4275
821 -9.4275
822 -9.4275
823 -9.41761
824 -9.41761
825 -9.41761
826 -9.41761
827 -9.41761
828 -9.41761
829 -9.41761
830 -9.41761
831 -9.41761
832 -9.41761
833 -9.41761
834 -9.41761
835 -9.41761
836 -9.41761
837 -9.41761
838 -9.41761
839 -9.41761
840 -9.41761
841 -9.41761
842 -9.41761
843 -9.41761
844 -9.41761
845 -9.41761
846 -9.41761
847 -9.41761
848 -9.41761
849 -9.41761
850 -9.41761
851 -9.41761
852 -9.41761
853 -9.41761
854 -9.41761
855 -9.41761
856 -9.41761
857 -9.41761
858 -9.41761
859 -9.41761
860 -9.41761
861 -9.41761
862 -9.41761
863 -9.41761
864 -9.41761
865 -9.41761
866 -9.41761
867 -9.41761
868 -9.41761
869 -9.41761
870 -9.41761
871 -9.41761
872 -9.41761
873 -9.41761
874 -9.41761
875 -9.41761
876 -9.41761
877 -9.41761
878 -9.41761
879 -9.41761
880 -9.41761
881 -9.41761
882 -9.41761
883 -9.41761
884 -9.41761
885 -9.41761
886 -9.41761
887 -9.41761
888 -9.41761
889 -9.41761
890 -9.41761
891 -9.41761
892 -9.41761
893 -9.41761
894 -9.41761
895 -9.41761
896 -9.41761
897 -9.41761
898 -9.41761
899 -9.41761
900 -9.41761
901 -9.41761
902 -9.41761
903 -9.41761
904 -9.41761
905 -9.41761
906 -9.41761
907 -9.41761
908 -9.41761
909 -9.41761
910 -9.41761
911 -9.41761
912 -9.41761
913 -9.41761
914 -9.41761
915 -9.41761
916 -9.41761
917 -9.41761
918 -9.41761
919 -9.41761
920 -9.41761
921 -9.41761
922 -9.41761
923 -9.41761
924 -9.41761
925 -9.41761
926 -9.41761
927 -9.41761
928 -9.41761
929 -9.41761
930 -9.41761
931 -9.41761
932 -9.41761
933 -9.41761
934 -9.41761
935 -9.41761
936 -9.41761
937 -9.41761
938 -9.41761
939 -9.41761
940 -9.41761
941 -9.41761
942 -9.41761
943 -9.41761
944 -9.41761
945 -9.41761
946 -9.41761
947 -9.41761
948 -9.41761
949 -9.41761
950 -9.41761
951 -9.41761
952 -9.41761
953 -9.41761
954 -9.41761
955 -9.41761
956 -9.41761
957 -9.41761
958 -9.41761
959 -9.41761
960 -9.41761
961 -9.41761
962 -9.41761
963 -9.41761
964 -9.41761
965 -9.41761
966 -9.41761
967 -9.41761
968 -9.41761
969 -9.41761
970 -9.41761
971 -9.41761
972 -9.41761
973 -9.41761
974 -9.41761
975 -9.41761
976 -9.41697
977 -9.41697
978 -9.41697
979 -9.41697
980 -9.41697
981 -9.41697
982 -9.41697
983 -9.41697
984 -9.41697
985 -9.41697
986 -9.41697
987 -9.41697
988 -9.41697
989 -9.41697
990 -9.41697
991 -9.41697
992 -9.41697
993 -9.41697
994 -9.41697
995 -9.41697
996 -9.41697
997 -9.41697
998 -9.41697
999 -9.41697
