0 -3218.82
1 -3218.82
2 -3218.82
3 -3218.82
4 -3218.82
5 -3218.82
6 -3218.82
7 -3218.82
8 -3218.82
9 -3218.82
10 -3218.82
11 -3218.82
12 -3218.82
13 -3218.82
14 -3218.82
15 -3218.82
16 -3218.82
17 -3218.82
18 -3218.82
19 -3218.82
20 -2677.63
21 -2677.63
22 -2677.63
23 -2677.63
24 -1712.08
25 -1712.08
26 -1712.08
27 -1712.08
28 -1712.08
29 -1712.08
30 -1712.08
31 -1712.08
32 -1712.08
33 -1712.08
34 -1712.08
35 -1712.08
36 -1712.08
37 -1712.08
38 -1712.08
39 -1712.08
40 -1712.08
41 -1649.68
42 -1649.68
43 -1649.68
44 -1649.68
45 -1331.92
46 -1331.92
47 -1331.92
48 -1331.92
49 -1331.92
50 -1331.92
51 -1331.92
52 -1331.92
53 -623.334
54 -623.334
55 -623.334
56 -623.334
57 -623.334
58 -623.334
59 -623.334
60 -623.334
61 -623.334
62 -623.334
63 -623.334
64 -623.334
65 -623.334
66 -623.334
67 -623.334
68 -623.334
69 -623.334
70 -473.592
71 -473.592
72 -473.592
73 -473.592
74 -473.592
75 -473.592
76 -473.592
77 -473.592
78 -473.592
79 -473.592
80 -473.592
81 -473.592
82 -473.592
83 -473.592
84 -473.592
85 -473.592
86 -473.592
87 -473.592
88 -473.592
89 -473.592
90 -473.592
91 -473.592
92 -350.754
93 -350.754
94 -350.754
95 -350.754
96 -350.754
97 -211.461
98 -138.066
99 -138.066
100 -138.066
101 -138.066
102 -138.066
103 -138.066
104 -138.066
105 -138.066
106 -138.066
107 -138.066
108 -138.066
109 -138.066
110 -138.066
111 -138.066
112 -138.066
113 -138.066
114 -138.066
115 -138.066
116 -138.066
117 -138.066
118 -138.066
119 -138.066
120 -138.066
121 -128.245
122 -128.245
123 -128.245
124 -128.245
125 -72.5044
126 -72.5044
127 -72.5044
128 -72.5044
129 -72.5044
130 -69.1975
131 -69.1975
132 -69.1975
133 -69.1975
134 -69.1975
135 -69.1975
136 -69.1975
137 -69.1975
138 -69.1975
139 -69.1975
140 -69.1975
141 -69.1975
142 -69.1975
143 -69.1975
144 -69.1975
145 -69.1975
146 -69.1975
147 -69.1975
148 -69.1975
149 -38.8546
150 -38.8546
151 -38.8546
152 -38.8546
153 -38.8546
154 -38.8546
155 -38.8546
156 -38.8546
157 -38.8546
158 -38.8546
159 -38.8546
160 -38.8546
161 -38.8546
162 -33.3669
163 -33.3669
164 -33.3669
165 -33.3669
166 -33.3669
167 -33.3669
168 -33.3669
169 -33.3669
170 -33.3669
171 -33.3669
172 -33.3669
173 -33.3669
174 -33.3669
175 -33.3669
176 -33.3669
177 -33.3669
178 -33.3669
179 -33.3669
180 -33.3669
181 -25.1146
182 -25.1146
183 -25.1146
184 -25.1146
185 -25.1146
186 -25.1146
187 -25.1146
188 -25.1146
189 -25.1146
190 -25.1146
191 -11.7367
192 -11.7367
193 -11.7367
194 -11.7367
195 -11.7367
196 -11.7367
197 -11.7367
198 -11.7367
199 -11.7367
200 -11.7367
201 -11.7367
202 -11.7367
203 -11.7367
204 -11.7367
205 -11.7367
206 -11.7367
207 -11.7367
208 -11.7367
209 -11.7367
210 -11.7367
211 -11.7367
212 -11.7367
213 -11.7367
214 -11.7367
215 -11.7367
216 -11.7367
217 -11.7367
218 -11.7367
219 -11.7367
220 -11.7367
221 -11.7367
222 -11.7367
223 -11.7367
224 -11.7367
225 -11.7367
226 -11.7367
227 -11.7367
228 -11.7367
229 -11.7367
230 -11.7367
231 -11.7367
232 -11.7367
233 -11.7367
234 -11.7367
235 -11.7367
236 -11.7367
237 -11.7367
238 -11.7367
239 -11.7367
240 -11.7367
241 -11.7367
242 -10.881
243 -10.881
244 -10.881
245 -10.881
246 -10.881
247 -10.881
248 -10.881
249 -10.881
250 -10.881
251 -10.881
252 -10.881
253 -10.3594
254 -10.3594
255 -10.3594
256 -10.3594
257 -10.3594
258 -10.2527
259 -10.2527
260 -10.2527
261 -10.2527
262 -10.2527
263 -10.2527
264 -10.2527
265 -10.2527
266 -10.2527
267 -10.2527
268 -10.2527
269 -10.2527
270 -10.2527
271 -10.2527
272 -10.2527
273 -10.2527
274 -10.2527
275 -10.2527
276 -10.2527
277 -10.2527
278 -10.2527
279 -10.2527
280 -10.2527
281 -10.2527
282 -10.2527
283 -10.2527
284 -10.2527
285 -10.2527
286 -10.2527
287 -10.2527
288 -10.2527
289 -10.2527
290 -10.2527
291 -10.2527
292 -10.2527
293 -10.2527
294 -10.2527
295 -10.2527
296 -10.2527
297 -9.92241
298 -9.92241
299 -9.92241
300 -9.92241
301 -9.92241
302 -9.92241
303 -9.92241
304 -9.92241
305 -9.92241
306 -9.92241
307 -9.92241
308 -9.92241
309 -9.92241
310 -9.92241
311 -9.92241
312 -9.87426
313 -9.87426
314 -9.87426
315 -9.87426
316 -9.87426
317 -9.87426
318 -9.76585
319 -9.76585
320 -9.76585
321 -9.76585
322 -9.76585
323 -9.76585
324 -9.76585
325 -9.76585
326 -9.76585
327 -9.76585
328 -9.76585
329 -9.76585
330 -9.76585
331 -9.76585
332 -9.76585
333 -9.76585
334 -9.76585
335 -9.76585
336 -9.76585
337 -9.76585
338 -9.76585
339 -9.6505
340 -9.6505
341 -9.6505
342 -9.6505
343 -9.6505
344 -9.6505
345 -9.6505
346 -9.6505
347 -9.6505
348 -9.6505
349 -9.6505
350 -9.6505
351 -9.6505
352 -9.6505
353 -9.6505
354 -9.6505
355 -9.6505
356 -9.6505
357 -9.6505
358 -9.6505
359 -9.6505
360 -9.6505
361 -9.6505
362 -9.6505
363 -9.6505
364 -9.6505
365 -9.6505
366 -9.6505
367 -9.6505
368 -9.6505
369 -9.6505
370 -9.6505
371 -9.6505
372 -9.6505
373 -9.6505
374 -9.6505
375 -9.6505
376 -9.6505
377 -9.6505
378 -9.6505
379 -9.6505
380 -9.6505
381 -9.6505
382 -9.6505
383 -9.6505
384 -9.6505
385 -9.60209
386 -9.58908
387 -9.58908
388 -9.58908
389 -9.58908
390 -9.58908
391 -9.58908
392 -9.58908
393 -9.58908
394 -9.58908
395 -9.58908
396 -9.58908
397 -9.58908
398 -9.58908
399 -9.58908
400 -9.58908
401 -9.58908
402 -9.58908
403 -9.58908
404 -9.58908
405 -9.58908
406 -9.58908
407 -9.58908
408 -9.58908
409 -9.58908
410 -9.58908
411 -9.58908
412 -9.58908
413 -9.58908
414 -9.58908
415 -9.58908
416 -9.58908
417 -9.58908
418 -9.58908
419 -9.58908
420 -9.58908
421 -9.58908
422 -9.58908
423 -9.58908
424 -9.58908
425 -9.58908
426 -9.58908
427 -9.58908
428 -9.58908
429 -9.58908
430 -9.58908
431 -9.58908
432 -9.58908
433 -9.58908
434 -9.58908
435 -9.58908
436 -9.58908
437 -9.58908
438 -9.58908
439 -9.58908
440 -9.58908
441 -9.58908
442 -9.58908
443 -9.58908
444 -9.58908
445 -9.58908
446 -9.58908
447 -9.58908
448 -9.58908
449 -9.58908
450 -9.56116
451 -9.55167
452 -9.55167
453 -9.55167
454 -9.55167
455 -9.55167
456 -9.55167
457 -9.55167
458 -9.55167
459 -9.55167
460 -9.55167
461 -9.55167
462 -9.55167
463 -9.55167
464 -9.55167
465 -9.55167
466 -9.55167
467 -9.55167
468 -9.55167
469 -9.55167
470 -9.55167
471 -9.55167
472 -9.55167
473 -9.55167
474 -9.55167
475 -9.55167
476 -9.55167
477 -9.55167
478 -9.55167
479 -9.55167
480 -9.55167
481 -9.55167
482 -9.55167
483 -9.55167
484 -9.54996
485 -9.54996
486 -9.54996
487 -9.54996
488 -9.54996
489 -9.54073
490 -9.54073
491 -9.54073
492 -9.48562
493 -9.48562
494 -9.48562
495 -9.48562
496 -9.48562
497 -9.48562
498 -9.48562
499 -9.48562
500 -9.48562
501 -9.48562
502 -9.48562
503 -9.48562
504 -9.48562
505 -9.48562
506 -9.48562
507 -9.48562
508 -9.48562
509 -9.48562
510 -9.48562
511 -9.48562
512 -9.48562
513 -9.48562
514 -9.48562
515 -9.48562
516 -9.48562
517 -9.48562
518 -9.48562
519 -9.48562
520 -9.48562
521 -9.48562
522 -9.48562
523 -9.48562
524 -9.48562
525 -9.48562
526 -9.48562
527 -9.48562
528 -9.48562
529 -9.48562
530 -9.48562
531 -9.48562
532 -9.48562
533 -9.48562
534 -9.48562
535 -9.48562
536 -9.48562
537 -9.48562
538 -9.48562
539 -9.48562
540 -9.48562
541 -9.48562
542 -9.48562
543 -9.48562
544 -9.48562
545 -9.48562
546 -9.48562
547 -9.48562
548 -9.48562
549 -9.48562
550 -9.48562
551 -9.481
552 -9.481
553 -9.481
554 -9.481
555 -9.481
556 -9.481
557 -9.481
558 -9.481
559 -9.481
560 -9.481
561 -9.481
562 -9.481
563 -9.481
564 -9.481
565 -9.481
566 -9.481
567 -9.481
568 -9.481
569 -9.481
570 -9.481
571 -9.481
572 -9.481
573 -9.481
574 -9.47353
575 -9.47353
576 -9.47353
577 -9.47353
578 -9.47353
579 -9.47353
580 -9.47353
581 -9.47353
582 -9.46544
583 -9.46544
584 -9.46544
585 -9.46544
586 -9.46544
587 -9.46544
588 -9.46544
589 -9.46544
590 -9.46544
591 -9.46544
592 -9.46544
593 -9.46544
594 -9.46544
595 -9.46544
596 -9.46544
597 -9.46544
598 -9.46544
599 -9.46544
600 -9.46544
601 -9.46544
602 -9.46544
603 -9.46544
604 -9.46544
605 -9.46544
606 -9.46544
607 -9.46544
608 -9.46544
609 -9.46544
610 -9.46544
611 -9.46544
612 -9.46433
613 -9.46433
614 -9.46433
615 -9.46433
616 -9.46433
617 -9.46433
618 -9.46433
619 -9.46433
620 -9.46433
621 -9.46433
622 -9.46433
623 -9.46433
624 -9.46433
625 -9.46433
626 -9.46433
627 -9.46433
628 -9.45693
629 -9.45693
630 -9.45693
631 -9.45693
632 -9.45693
633 -9.45693
634 -9.45693
635 -9.45693
636 -9.45693
637 -9.45693
638 -9.45693
639 -9.45693
640 -9.45693
641 -9.45693
642 -9.45693
643 -9.45693
644 -9.45693
645 -9.45693
646 -9.45693
647 -9.45693
648 -9.45693
649 -9.45693
650 -9.45693
651 -9.45693
652 -9.45693
653 -9.45693
654 -9.45693
655 -9.45693
656 -9.45693
657 -9.45693
658 -9.45693
659 -9.45693
660 -9.45693
661 -9.45693
662 -9.45693
663 -9.45693
664 -9.45693
665 -9.45693
666 -9.45693
667 -9.45693
668 -9.45693
669 -9.45693
670 -9.45693
671 -9.45693
672 -9.45693
673 -9.45693
674 -9.45693
675 -9.45693
676 -9.45693
677 -9.45693
678 -9.45693
679 -9.45693
680 -9.45693
681 -9.45693
682 -9.45693
683 -9.45693
684 -9.45693
685 -9.45693
686 -9.45693
687 -9.45693
688 -9.45693
689 -9.45693
690 -9.45693
691 -9.45693
692 -9.45693
693 -9.45693
694 -9.45693
695 -9.45693
696 -9.45693
697 -9.45693
698 -9.45693
699 -9.45693
700 -9.45363
701 -9.45363
702 -9.45363
703 -9.45363
704 -9.45363
705 -9.45363
706 -9.45363
707 -9.45363
708 -9.45363
709 -9.45363
710 -9.45331
711 -9.45331
712 -9.45331
713 -9.45331
714 -9.45331
715 -9.45331
716 -9.45331
717 -9.45331
718 -9.45331
719 -9.45331
720 -9.45331
721 -9.45331
722 -9.45331
723 -9.45331
724 -9.45331
725 -9.45331
726 -9.45331
727 -9.45331
728 -9.45331
729 -9.45331
730 -9.45331
731 -9.45317
732 -9.45317
733 -9.45317
734 -9.45317
735 -9.45317
736 -9.45317
737 -9.45317
738 -9.45317
739 -9.45317
740 -9.45317
741 -9.45317
742 -9.44445
743 -9.44445
744 -9.44445
745 -9.44445
746 -9.44445
747 -9.44445
748 -9.44445
749 -9.44445
750 -9.44445
751 -9.44445
752 -9.44445
753 -9.44445
754 -9.44445
755 -9.43436
756 -9.43436
757 -9.43436
758 -9.43436
759 -9.43436
760 -9.43436
761 -9.43436
762 -9.43436
763 -9.43436
764 -9.43436
765 -9.43436
766 -9.43436
767 -9.43436
768 -9.43436
769 -9.43436
770 -9.43436
771 -9.43436
772 -9.43436
773 -9.43436
774 -9.43436
775 -9.43436
776 -9.43436
777 -9.43436
778 -9.43436
779 -9.43436
780 -9.43436
781 -9.43436
782 -9.43436
783 -9.43436
784 -9.43436
785 -9.43436
786 -9.43436
787 -9.43436
788 -9.43436
789 -9.43436
790 -9.43436
791 -9.43436
792 -9.43436
793 -9.43436
794 -9.43436
795 -9.43436
796 -9.43436
797 -9.43436
798 -9.43436
799 -9.43436
800 -9.43436
801 -9.43436
802 -9.43436
803 -9.43436
804 -9.43436
805 -9.43436
806 -9.43436
807 -9.43436
808 -9.43436
809 -9.43436
810 -9.43436
811 -9.43436
812 -9.43436
813 -9.43436
814 -9.43436
815 -9.43436
816 -9.43436
817 -9.43436
818 -9.43436
819 -9.43436
820 -9.43436
821 -9.43436
822 -9.43436
823 -9.43436
824 -9.43436
825 -9.43436
826 -9.43436
827 -9.43436
828 -9.43436
829 -9.43436
830 -9.43436
831 -9.43436
832 -9.43436
833 -9.43436
834 -9.43436
835 -9.43436
836 -9.43436
837 -9.43436
838 -9.43436
839 -9.43436
840 -9.43436
841 -9.43436
842 -9.43436
843 -9.43436
844 -9.43436
845 -9.43436
846 -9.43436
847 -9.43436
848 -9.43436
849 -9.43436
850 -9.43436
851 -9.43436
852 -9.43436
853 -9.43436
854 -9.43436
855 -9.43436
856 -9.43436
857 -9.43436
858 -9.43436
859 -9.43436
860 -9.43436
861 -9.43436
862 -9.43436
863 -9.43436
864 -9.43436
865 -9.41778
866 -9.41778
867 -9.41778
868 -9.41778
869 -9.41778
870 -9.41778
871 -9.41778
872 -9.41778
873 -9.41778
874 -9.41778
875 -9.41778
876 -9.41778
877 -9.41778
878 -9.41778
879 -9.41778
880 -9.41778
881 -9.41778
882 -9.41778
883 -9.41778
884 -9.41778
885 -9.41778
886 -9.41778
887 -9.41778
888 -9.41778
889 -9.41778
890 -9.41778
891 -9.41778
892 -9.41778
893 -9.41778
894 -9.41778
895 -9.41778
896 -9.41778
897 -9.41778
898 -9.41778
899 -9.41778
900 -9.41778
901 -9.41778
902 -9.41778
903 -9.41778
904 -9.41778
905 -9.41778
906 -9.41778
907 -9.41778
908 -9.41778
909 -9.41778
910 -9.41778
911 -9.41778
912 -9.41778
913 -9.41778
914 -9.41778
915 -9.41778
916 -9.41778
917 -9.41778
918 -9.41778
919 -9.41778
920 -9.41778
921 -9.41778
922 -9.41778
923 -9.41778
924 -9.41778
925 -9.41778
926 -9.41778
927 -9.41778
928 -9.41778
929 -9.41778
930 -9.41778
931 -9.41778
932 -9.41778
933 -9.41778
934 -9.41778
935 -9.41778
936 -9.41778
937 -9.41778
938 -9.41778
939 -9.41778
940 -9.41778
941 -9.41778
942 -9.41778
943 -9.41778
944 -9.41778
945 -9.41778
946 -9.41778
947 -9.41778
948 -9.41778
949 -9.41778
950 -9.41778
951 -9.41778
952 -9.41778
953 -9.41778
954 -9.41778
955 -9.41778
956 -9.41778
957 -9.41778
958 -9.41778
959 -9.41778
960 -9.41778
961 -9.41778
962 -9.41778
963 -9.41778
964 -9.41778
965 -9.41778
966 -9.41778
967 -9.41778
968 -9.41778
969 -9.41778
970 -9.41778
971 -9.41778
972 -9.41778
973 -9.41778
974 -9.41778
975 -9.41778
976 -9.41778
977 -9.41778
978 -9.41778
979 -9.41778
980 -9.41778
981 -9.41778
982 -9.41778
983 -9.41778
984 -9.41778
985 -9.41778
986 -9.41778
987 -9.41778
988 -9.41778
989 -9.41778
990 -9.41778
991 -9.41778
992 -9.41778
993 -9.41778
994 -9.41778
995 -9.41778
996 -9.41778
997 -9.41778
998 -9.41778
999 -9.41778
