0 -4584.59
1 -4584.59
2 -4584.59
3 -4584.59
4 -4584.59
5 -4584.59
6 -4584.59
7 -4584.59
8 -4584.59
9 -4584.59
10 -4584.59
11 -4584.59
12 -4584.59
13 -4584.59
14 -4584.59
15 -4584.59
16 -4584.59
17 -4584.59
18 -4584.59
19 -4584.59
20 -3516.02
21 -3516.02
22 -3516.02
23 -3516.02
24 -3516.02
25 -3516.02
26 -3516.02
27 -3516.02
28 -3516.02
29 -3516.02
30 -3516.02
31 -3516.02
32 -3516.02
33 -3516.02
34 -3516.02
35 -3516.02
36 -3516.02
37 -3516.02
38 -3516.02
39 -3516.02
40 -3516.02
41 -3516.02
42 -3516.02
43 -2848.44
44 -2848.44
45 -1799.87
46 -1799.87
47 -1799.87
48 -1799.87
49 -1799.87
50 -1799.87
51 -1799.87
52 -1799.87
53 -1799.87
54 -1799.87
55 -1613.41
56 -1613.41
57 -1613.41
58 -1613.41
59 -1613.41
60 -1613.41
61 -1613.41
62 -1613.41
63 -1613.41
64 -1613.41
65 -1613.41
66 -1613.41
67 -1613.41
68 -1613.41
69 -1613.41
70 -1613.41
71 -1613.41
72 -1613.41
73 -1613.41
74 -1613.41
75 -715.838
76 -715.838
77 -715.838
78 -715.838
79 -715.838
80 -715.838
81 -715.838
82 -380.083
83 -380.083
84 -380.083
85 -380.083
86 -380.083
87 -380.083
88 -380.083
89 -380.083
90 -380.083
91 -380.083
92 -380.083
93 -380.083
94 -380.083
95 -380.083
96 -380.083
97 -380.083
98 -380.083
99 -380.083
100 -380.083
101 -380.083
102 -380.083
103 -380.083
104 -380.083
105 -380.083
106 -380.083
107 -380.083
108 -369.561
109 -369.561
110 -369.561
111 -369.561
112 -369.561
113 -297.451
114 -297.451
115 -141.614
116 -141.614
117 -132.302
118 -132.302
119 -132.302
120 -132.302
121 -132.302
122 -93.3837
123 -93.3837
124 -93.3837
125 -93.3837
126 -93.3837
127 -93.3837
128 -93.3837
129 -93.3837
130 -93.3837
131 -93.3837
132 -93.3837
133 -93.3837
134 -93.3837
135 -93.3837
136 -93.3837
137 -84.1122
138 -84.1122
139 -84.1122
140 -84.1122
141 -84.1122
142 -84.1122
143 -84.1122
144 -84.1122
145 -84.1122
146 -84.1122
147 -84.1122
148 -84.1122
149 -84.1122
150 -69.595
151 -69.595
152 -69.595
153 -69.595
154 -69.595
155 -69.595
156 -69.595
157 -40.832
158 -40.832
159 -40.832
160 -40.832
161 -40.832
162 -40.832
163 -40.832
164 -40.832
165 -40.832
166 -40.832
167 -40.832
168 -40.832
169 -38.8059
170 -38.8059
171 -38.8059
172 -38.8059
173 -38.8059
174 -38.8059
175 -38.8059
176 -30.2793
177 -30.2793
178 -30.2793
179 -30.2793
180 -16.5354
181 -16.5354
182 -16.5354
183 -16.5354
184 -16.5354
185 -16.5354
186 -16.5354
187 -16.5354
188 -16.5354
189 -16.5354
190 -16.5354
191 -16.5354
192 -16.5354
193 -16.5354
194 -16.5354
195 -16.5354
196 -16.5354
197 -16.5354
198 -16.5354
199 -16.5354
200 -16.5354
201 -16.5354
202 -16.5354
203 -16.5354
204 -16.5354
205 -16.5354
206 -16.5354
207 -16.5354
208 -14.6266
209 -14.6266
210 -14.6266
211 -14.6266
212 -14.6266
213 -14.6266
214 -14.6266
215 -14.6266
216 -14.6266
217 -14.6266
218 -14.6266
219 -14.6266
220 -14.6266
221 -14.6266
222 -13.549
223 -13.549
224 -13.549
225 -13.549
226 -13.549
227 -13.549
228 -12.4712
229 -12.4712
230 -12.4712
231 -12.4712
232 -12.4712
233 -10.1501
234 -10.1501
235 -10.1501
236 -10.1501
237 -10.1501
238 -10.1501
239 -10.1501
240 -10.1501
241 -10.1501
242 -10.1501
243 -10.1501
244 -10.1501
245 -10.1501
246 -10.1501
247 -10.1501
248 -10.1501
249 -10.1501
250 -10.1501
251 -10.1501
252 -10.1501
253 -10.1501
254 -10.1501
255 -10.1501
256 -10.1501
257 -10.1501
258 -10.1501
259 -10.1501
260 -10.1501
261 -10.1501
262 -10.1501
263 -10.1501
264 -10.1501
265 -10.1501
266 -10.1501
267 -10.1501
268 -10.1501
269 -10.1501
270 -10.1501
271 -10.1501
272 -10.1501
273 -10.1501
274 -10.1501
275 -10.1501
276 -10.1501
277 -10.1501
278 -10.1501
279 -10.1501
280 -10.1501
281 -10.1501
282 -10.1501
283 -10.1501
284 -10.1501
285 -10.1501
286 -10.1501
287 -10.1501
288 -10.1501
289 -10.1501
290 -10.1501
291 -10.1501
292 -10.1501
293 -10.1501
294 -10.1501
295 -10.1501
296 -10.1501
297 -10.1501
298 -10.1501
299 -10.1501
300 -10.1501
301 -10.1501
302 -10.1501
303 -9.84916
304 -9.84916
305 -9.84916
306 -9.84916
307 -9.84916
308 -9.84916
309 -9.84916
310 -9.84916
311 -9.66504
312 -9.66504
313 -9.66504
314 -9.66504
315 -9.66504
316 -9.66504
317 -9.66504
318 -9.66504
319 -9.66504
320 -9.60873
321 -9.60873
322 -9.57374
323 -9.57374
324 -9.57374
325 -9.57374
326 -9.57374
327 -9.57374
328 -9.57374
329 -9.57374
330 -9.57374
331 -9.57374
332 -9.57374
333 -9.57374
334 -9.57374
335 -9.57374
336 -9.57374
337 -9.57374
338 -9.57374
339 -9.57374
340 -9.57374
341 -9.57374
342 -9.57374
343 -9.57374
344 -9.57374
345 -9.57374
346 -9.57374
347 -9.57374
348 -9.57374
349 -9.57374
350 -9.57374
351 -9.57374
352 -9.57374
353 -9.57374
354 -9.57374
355 -9.57374
356 -9.57374
357 -9.57374
358 -9.57374
359 -9.57374
360 -9.57374
361 -9.57374
362 -9.57374
363 -9.57374
364 -9.57374
365 -9.57374
366 -9.57374
367 -9.57374
368 -9.57374
369 -9.57374
370 -9.57374
371 -9.57374
372 -9.57374
373 -9.57374
374 -9.57374
375 -9.57374
376 -9.57374
377 -9.57374
378 -9.57374
379 -9.57374
380 -9.57374
381 -9.57374
382 -9.57374
383 -9.57374
384 -9.57374
385 -9.57374
386 -9.57374
387 -9.57374
388 -9.57374
389 -9.57374
390 -9.57374
391 -9.56694
392 -9.56694
393 -9.56694
394 -9.56694
395 -9.56694
396 -9.56694
397 -9.56694
398 -9.56694
399 -9.56694
400 -9.56694
401 -9.56694
402 -9.56694
403 -9.56694
404 -9.56694
405 -9.56694
406 -9.56694
407 -9.56694
408 -9.56694
409 -9.56694
410 -9.56694
411 -9.56694
412 -9.56694
413 -9.56694
414 -9.56694
415 -9.56694
416 -9.56694
417 -9.56694
418 -9.56694
419 -9.56694
420 -9.56694
421 -9.56694
422 -9.56694
423 -9.56694
424 -9.56694
425 -9.56694
426 -9.56694
427 -9.56694
428 -9.56694
429 -9.56694
430 -9.56694
431 -9.56694
432 -9.56694
433 -9.56694
434 -9.56694
435 -9.56694
436 -9.56694
437 -9.56694
438 -9.56694
439 -9.56694
440 -9.56694
441 -9.56336
442 -9.56336
443 -9.56336
444 -9.56336
445 -9.56336
446 -9.56336
447 -9.56336
448 -9.56336
449 -9.56336
450 -9.56336
451 -9.56336
452 -9.56336
453 -9.56336
454 -9.56336
455 -9.56336
456 -9.55832
457 -9.55832
458 -9.55832
459 -9.55832
460 -9.54371
461 -9.53345
462 -9.53345
463 -9.53345
464 -9.53345
465 -9.53345
466 -9.53345
467 -9.53345
468 -9.53345
469 -9.53345
470 -9.53345
471 -9.53345
472 -9.53345
473 -9.53345
474 -9.53345
475 -9.53345
476 -9.53345
477 -9.53345
478 -9.51785
479 -9.51785
480 -9.51785
481 -9.51785
482 -9.51785
483 -9.51785
484 -9.51785
485 -9.51785
486 -9.51785
487 -9.51785
488 -9.51785
489 -9.51785
490 -9.51785
491 -9.51785
492 -9.51785
493 -9.51785
494 -9.51785
495 -9.51785
496 -9.51785
497 -9.51785
498 -9.51785
499 -9.51128
500 -9.51128
501 -9.51128
502 -9.51128
503 -9.51128
504 -9.51128
505 -9.51128
506 -9.51128
507 -9.51128
508 -9.51128
509 -9.51128
510 -9.51128
511 -9.51128
512 -9.51128
513 -9.51128
514 -9.51128
515 -9.51128
516 -9.48788
517 -9.48788
518 -9.48788
519 -9.48788
520 -9.48788
521 -9.48788
522 -9.48788
523 -9.48788
524 -9.48788
525 -9.48788
526 -9.48788
527 -9.48788
528 -9.48788
529 -9.48788
530 -9.48788
531 -9.48788
532 -9.48788
533 -9.48788
534 -9.48788
535 -9.48788
536 -9.48788
537 -9.48788
538 -9.48788
539 -9.48788
540 -9.48788
541 -9.48788
542 -9.48788
543 -9.48788
544 -9.48788
545 -9.48788
546 -9.48788
547 -9.48788
548 -9.48788
549 -9.48788
550 -9.48788
551 -9.48788
552 -9.48788
553 -9.48788
554 -9.48788
555 -9.48788
556 -9.48788
557 -9.48788
558 -9.48788
559 -9.48788
560 -9.48788
561 -9.47078
562 -9.47078
563 -9.47078
564 -9.47078
565 -9.47078
566 -9.47078
567 -9.47078
568 -9.47078
569 -9.47078
570 -9.47078
571 -9.47078
572 -9.47078
573 -9.47078
574 -9.47078
575 -9.47078
576 -9.47078
577 -9.47078
578 -9.47078
579 -9.47078
580 -9.47078
581 -9.47078
582 -9.47078
583 -9.47078
584 -9.47078
585 -9.47078
586 -9.47078
587 -9.47078
588 -9.47078
589 -9.47078
590 -9.46491
591 -9.46491
592 -9.46491
593 -9.46491
594 -9.46491
595 -9.46491
596 -9.46491
597 -9.46491
598 -9.46491
599 -9.46491
600 -9.46491
601 -9.46491
602 -9.46491
603 -9.46491
604 -9.46491
605 -9.46491
606 -9.46491
607 -9.46491
608 -9.46491
609 -9.46491
610 -9.46491
611 -9.46491
612 -9.46491
613 -9.46491
614 -9.46491
615 -9.46491
616 -9.44338
617 -9.44338
618 -9.44338
619 -9.44338
620 -9.44338
621 -9.44338
622 -9.44338
623 -9.44338
624 -9.44338
625 -9.44338
626 -9.44338
627 -9.44338
628 -9.44338
629 -9.44338
630 -9.44338
631 -9.44338
632 -9.44338
633 -9.44338
634 -9.44338
635 -9.44338
636 -9.44338
637 -9.44338
638 -9.44338
639 -9.44338
640 -9.44338
641 -9.44338
642 -9.44338
643 -9.44338
644 -9.44338
645 -9.44338
646 -9.44338
647 -9.44338
648 -9.44338
649 -9.44338
650 -9.44338
651 -9.44338
652 -9.44338
653 -9.44338
654 -9.44338
655 -9.44338
656 -9.44338
657 -9.44338
658 -9.44338
659 -9.44338
660 -9.44338
661 -9.44338
662 -9.44338
663 -9.44338
664 -9.44338
665 -9.44338
666 -9.44338
667 -9.44338
668 -9.44338
669 -9.44338
670 -9.44338
671 -9.44338
672 -9.44338
673 -9.44338
674 -9.44338
675 -9.44338
676 -9.44338
677 -9.44338
678 -9.44338
679 -9.44338
680 -9.44338
681 -9.44338
682 -9.44338
683 -9.44338
684 -9.44338
685 -9.44338
686 -9.44338
687 -9.44338
688 -9.44338
689 -9.44338
690 -9.44338
691 -9.44338
692 -9.44338
693 -9.44338
694 -9.44338
695 -9.44338
696 -9.44338
697 -9.44338
698 -9.44338
699 -9.44338
700 -9.44338
701 -9.44338
702 -9.44338
703 -9.44338
704 -9.44338
705 -9.44338
706 -9.4432
707 -9.4432
708 -9.4432
709 -9.4432
710 -9.4432
711 -9.4432
712 -9.4432
713 -9.4432
714 -9.4432
715 -9.4432
716 -9.4432
717 -9.4432
718 -9.4432
719 -9.4432
720 -9.4432
721 -9.4432
722 -9.43318
723 -9.43318
724 -9.43318
725 -9.43318
726 -9.4258
727 -9.4258
728 -9.4258
729 -9.4258
730 -9.4258
731 -9.4258
732 -9.4258
733 -9.4258
734 -9.4258
735 -9.4258
736 -9.4258
737 -9.4258
738 -9.4258
739 -9.4258
740 -9.4258
741 -9.4258
742 -9.4258
743 -9.4258
744 -9.4258
745 -9.4258
746 -9.4258
747 -9.4258
748 -9.4258
749 -9.4258
750 -9.4258
751 -9.4258
752 -9.4258
753 -9.4258
754 -9.4258
755 -9.4258
756 -9.4258
757 -9.4258
758 -9.4258
759 -9.4258
760 -9.4258
761 -9.4258
762 -9.4258
763 -9.4258
764 -9.4258
765 -9.4258
766 -9.4258
767 -9.4258
768 -9.4258
769 -9.4258
770 -9.4258
771 -9.4258
772 -9.4258
773 -9.4258
774 -9.4258
775 -9.4258
776 -9.4258
777 -9.4258
778 -9.4258
779 -9.4258
780 -9.4258
781 -9.4258
782 -9.4258
783 -9.4258
784 -9.4258
785 -9.4258
786 -9.4258
787 -9.4258
788 -9.4258
789 -9.4258
790 -9.4258
791 -9.4258
792 -9.4258
793 -9.4258
794 -9.4258
795 -9.4258
796 -9.4258
797 -9.42221
798 -9.42221
799 -9.42221
800 -9.42221
801 -9.42221
802 -9.42221
803 -9.42221
804 -9.42221
805 -9.42221
806 -9.42221
807 -9.42221
808 -9.42221
809 -9.42221
810 -9.42221
811 -9.42221
812 -9.42221
813 -9.42221
814 -9.42221
815 -9.42221
816 -9.42221
817 -9.42221
818 -9.42221
819 -9.42221
820 -9.42221
821 -9.42221
822 -9.42221
823 -9.42221
824 -9.42221
825 -9.42221
826 -9.42221
827 -9.42221
828 -9.42221
829 -9.42221
830 -9.42221
831 -9.42221
832 -9.42221
833 -9.42221
834 -9.42221
835 -9.42221
836 -9.42221
837 -9.42221
838 -9.42221
839 -9.42221
840 -9.42221
841 -9.42221
842 -9.42221
843 -9.42221
844 -9.42221
845 -9.42221
846 -9.42221
847 -9.42221
848 -9.42221
849 -9.42221
850 -9.42221
851 -9.42221
852 -9.42221
853 -9.42221
854 -9.42221
855 -9.42221
856 -9.42221
857 -9.42221
858 -9.42221
859 -9.42221
860 -9.42221
861 -9.42221
862 -9.42221
863 -9.42221
864 -9.42221
865 -9.42221
866 -9.42221
867 -9.42221
868 -9.42221
869 -9.42221
870 -9.42221
871 -9.42221
872 -9.42221
873 -9.42221
874 -9.42221
875 -9.42221
876 -9.42221
877 -9.42221
878 -9.42221
879 -9.42221
880 -9.42221
881 -9.42221
882 -9.42221
883 -9.42221
884 -9.42221
885 -9.42221
886 -9.42221
887 -9.42221
888 -9.42221
889 -9.42221
890 -9.42221
891 -9.42221
892 -9.42221
893 -9.42221
894 -9.42221
895 -9.42221
896 -9.42221
897 -9.42221
898 -9.42221
899 -9.42221
900 -9.42221
901 -9.42221
902 -9.42221
903 -9.42221
904 -9.42221
905 -9.42221
906 -9.42221
907 -9.42221
908 -9.42221
909 -9.42221
910 -9.42221
911 -9.42221
912 -9.42221
913 -9.42221
914 -9.42221
915 -9.42221
916 -9.42221
917 -9.42221
918 -9.42221
919 -9.42221
920 -9.42221
921 -9.42221
922 -9.42221
923 -9.42221
924 -9.42221
925 -9.42221
926 -9.42221
927 -9.42221
928 -9.42221
929 -9.42221
930 -9.42221
931 -9.42221
932 -9.42221
933 -9.4199
934 -9.4199
935 -9.4199
936 -9.4199
937 -9.4199
938 -9.4199
939 -9.4199
940 -9.4199
941 -9.4199
942 -9.4199
943 -9.4199
944 -9.4199
945 -9.4199
946 -9.4199
947 -9.4199
948 -9.4199
949 -9.4199
950 -9.4199
951 -9.4199
952 -9.4199
953 -9.4199
954 -9.4199
955 -9.4199
956 -9.4199
957 -9.4199
958 -9.4199
959 -9.4199
960 -9.4199
961 -9.4199
962 -9.4199
963 -9.4199
964 -9.4199
965 -9.4199
966 -9.4199
967 -9.4199
968 -9.4199
969 -9.4199
970 -9.4199
971 -9.4199
972 -9.4199
973 -9.4199
974 -9.4199
975 -9.4199
976 -9.4199
977 -9.4199
978 -9.4199
979 -9.4199
980 -9.4199
981 -9.4199
982 -9.41597
983 -9.41597
984 -9.41597
985 -9.41597
986 -9.41597
987 -9.41597
988 -9.41597
989 -9.41597
990 -9.41597
991 -9.41597
992 -9.41597
993 -9.41597
994 -9.41597
995 -9.41597
996 -9.41597
997 -9.41597
998 -9.41597
999 -9.41597
