0 -4144.25
1 -4144.25
2 -4144.25
3 -4144.25
4 -4144.25
5 -4144.25
6 -4144.25
7 -4144.25
8 -4144.25
9 -4144.25
10 -4144.25
11 -4144.25
12 -4144.25
13 -4144.25
14 -4144.25
15 -4144.25
16 -4144.25
17 -4144.25
18 -4144.25
19 -4144.25
20 -4144.25
21 -4144.25
22 -4144.25
23 -4144.25
24 -4144.25
25 -4144.25
26 -4144.25
27 -4144.25
28 -4144.25
29 -4144.25
30 -4144.25
31 -4144.25
32 -4144.25
33 -4144.25
34 -4144.25
35 -4144.25
36 -4144.25
37 -4144.25
38 -4144.25
39 -4144.25
40 -4144.25
41 -4144.25
42 -4144.25
43 -4144.25
44 -4144.25
45 -3673.74
46 -3673.74
47 -3673.74
48 -3673.74
49 -3673.74
50 -3673.74
51 -3673.74
52 -3673.74
53 -3673.74
54 -3673.74
55 -3673.74
56 -3673.74
57 -3673.74
58 -3673.74
59 -3312.39
60 -3312.39
61 -2268.96
62 -2268.96
63 -2268.96
64 -2268.96
65 -2268.96
66 -2268.96
67 -2268.96
68 -2268.96
69 -2268.96
70 -2268.96
71 -2268.96
72 -2268.96
73 -2268.96
74 -2268.96
75 -2268.96
76 -2268.96
77 -2268.96
78 -2268.96
79 -2268.96
80 -2268.96
81 -2268.96
82 -2268.96
83 -2268.96
84 -2268.96
85 -2268.96
86 -2268.96
87 -2268.96
88 -2268.96
89 -2268.96
90 -2268.96
91 -2268.96
92 -2268.96
93 -2268.96
94 -2268.96
95 -2268.96
96 -2268.96
97 -2268.96
98 -2268.96
99 -2268.96
100 -2268.96
101 -2268.96
102 -2268.96
103 -2268.96
104 -2268.96
105 -2268.96
106 -2268.96
107 -2268.96
108 -2268.96
109 -2268.96
110 -2268.96
111 -2268.96
112 -2268.96
113 -2268.96
114 -2268.96
115 -2268.96
116 -2268.96
117 -2268.96
118 -2268.96
119 -2268.96
120 -2268.96
121 -2268.96
122 -2268.96
123 -2268.96
124 -2268.96
125 -2268.96
126 -2268.96
127 -2268.96
128 -2268.96
129 -2268.96
130 -2268.96
131 -2268.96
132 -2268.96
133 -2268.96
134 -2268.96
135 -2268.96
136 -2268.96
137 -2268.96
138 -2268.96
139 -2268.96
140 -2268.96
141 -2268.96
142 -2268.96
143 -2268.96
144 -2268.96
145 -2268.96
146 -2268.96
147 -2268.96
148 -2268.96
149 -1153.78
150 -1153.78
151 -1153.78
152 -1153.78
153 -1153.78
154 -1153.78
155 -1153.78
156 -1153.78
157 -1153.78
158 -1153.78
159 -1153.78
160 -1153.78
161 -1153.78
162 -1153.78
163 -1153.78
164 -1153.78
165 -1153.78
166 -1153.78
167 -1153.78
168 -1153.78
169 -1153.78
170 -1153.78
171 -1153.78
172 -1153.78
173 -1153.78
174 -1153.78
175 -1153.78
176 -1153.78
177 -1153.78
178 -1153.78
179 -1153.78
180 -1153.78
181 -1153.78
182 -1153.78
183 -1153.78
184 -1153.78
185 -1153.78
186 -1153.78
187 -1153.78
188 -1153.78
189 -1153.78
190 -1153.78
191 -1153.78
192 -1153.78
193 -1153.78
194 -1153.78
195 -1153.78
196 -1153.78
197 -1153.78
198 -1091.45
199 -1091.45
200 -1091.45
201 -1091.45
202 -1091.45
203 -794.511
204 -794.511
205 -794.511
206 -780.797
207 -780.797
208 -780.797
209 -780.797
210 -780.797
211 -780.797
212 -780.797
213 -780.797
214 -780.797
215 -652.432
216 -652.432
217 -652.432
218 -652.432
219 -652.432
220 -652.432
221 -652.432
222 -652.432
223 -652.432
224 -652.432
225 -652.432
226 -652.432
227 -652.432
228 -652.432
229 -652.432
230 -652.432
231 -652.432
232 -652.432
233 -652.432
234 -652.432
235 -652.432
236 -652.432
237 -652.432
238 -652.432
239 -652.432
240 -652.432
241 -652.432
242 -633.834
243 -633.834
244 -633.834
245 -585.573
246 -585.573
247 -585.573
248 -519.776
249 -519.776
250 -519.776
251 -519.776
252 -519.776
253 -519.776
254 -519.776
255 -519.776
256 -432.619
257 -432.619
258 -432.619
259 -403.044
260 -403.044
261 -403.044
262 -403.044
263 -403.044
264 -403.044
265 -320.855
266 -320.855
267 -320.855
268 -320.855
269 -320.855
270 -320.855
271 -320.855
272 -320.855
273 -320.855
274 -320.855
275 -320.855
276 -313.606
277 -313.606
278 -313.606
279 -313.606
280 -151.063
281 -151.063
282 -151.063
283 -151.063
284 -151.063
285 -151.063
286 -151.063
287 -151.063
288 -151.063
289 -151.063
290 -151.063
291 -151.063
292 -151.063
293 -151.063
294 -151.063
295 -151.063
296 -151.063
297 -151.063
298 -151.063
299 -151.063
300 -151.063
301 -151.063
302 -151.063
303 -151.063
304 -151.063
305 -151.063
306 -151.063
307 -151.063
308 -151.063
309 -151.063
310 -62.1131
311 -62.1131
312 -62.1131
313 -62.1131
314 -62.1131
315 -62.1131
316 -62.1131
317 -62.1131
318 -62.1131
319 -62.1131
320 -62.1131
321 -62.1131
322 -62.1131
323 -62.1131
324 -62.1131
325 -62.1131
326 -62.1131
327 -62.1131
328 -62.1131
329 -62.1131
330 -62.1131
331 -62.1131
332 -62.1131
333 -62.1131
334 -62.1131
335 -62.1131
336 -62.1131
337 -62.1131
338 -62.1131
339 -62.1131
340 -62.1131
341 -62.1131
342 -62.1131
343 -62.1131
344 -62.1131
345 -62.1131
346 -62.1131
347 -62.1131
348 -62.1131
349 -62.1131
350 -62.1131
351 -62.1131
352 -62.1131
353 -62.1131
354 -62.1131
355 -62.1131
356 -62.1131
357 -62.1131
358 -62.1131
359 -62.1131
360 -62.1131
361 -62.1131
362 -62.1131
363 -62.1131
364 -62.1131
365 -62.1131
366 -62.1131
367 -62.1131
368 -62.1131
369 -62.1131
370 -62.1131
371 -62.1131
372 -62.1131
373 -42.764
374 -32.2369
375 -32.2369
376 -32.2369
377 -32.2369
378 -32.2369
379 -32.2369
380 -32.2369
381 -32.2369
382 -32.2369
383 -32.2369
384 -32.2369
385 -32.2369
386 -32.2369
387 -32.2369
388 -32.2369
389 -32.2369
390 -32.2369
391 -32.2369
392 -32.2369
393 -32.2369
394 -32.2369
395 -32.2369
396 -32.2369
397 -32.2369
398 -32.2369
399 -32.2369
400 -32.2369
401 -32.2369
402 -32.2369
403 -32.2369
404 -32.2369
405 -32.2369
406 -32.2369
407 -32.2369
408 -32.2369
409 -32.2369
410 -32.2369
411 -32.2369
412 -32.2369
413 -19.2202
414 -19.2202
415 -19.2202
416 -19.2202
417 -19.2202
418 -19.2202
419 -19.2202
420 -19.2202
421 -19.2202
422 -19.2202
423 -19.2202
424 -19.2202
425 -19.2202
426 -19.2202
427 -19.2202
428 -19.2202
429 -19.2202
430 -19.2202
431 -19.2202
432 -19.2202
433 -19.2202
434 -19.2202
435 -19.2202
436 -19.2202
437 -19.2202
438 -19.2202
439 -19.2202
440 -19.2202
441 -19.2202
442 -19.2202
443 -19.2202
444 -19.2202
445 -19.2202
446 -19.2202
447 -19.2202
448 -19.2202
449 -19.2202
450 -19.2202
451 -19.2202
452 -19.2202
453 -19.2202
454 -19.2202
455 -19.2202
456 -19.2202
457 -19.2202
458 -19.2202
459 -19.2202
460 -19.2202
461 -19.2202
462 -19.2202
463 -19.2202
464 -19.2202
465 -19.2202
466 -19.2202
467 -19.2202
468 -19.2202
469 -19.2202
470 -19.2202
471 -19.2202
472 -19.2202
473 -19.2202
474 -18.9168
475 -18.9168
476 -18.9168
477 -18.9168
478 -18.9168
479 -12.1686
480 -12.1686
481 -12.1686
482 -12.1686
483 -11.347
484 -11.347
485 -11.347
486 -11.347
487 -11.347
488 -11.347
489 -11.347
490 -11.347
491 -11.347
492 -11.347
493 -11.347
494 -11.347
495 -11.347
496 -11.347
497 -11.347
498 -11.347
499 -11.347
500 -11.347
501 -11.347
502 -11.347
503 -11.347
504 -11.347
505 -11.347
506 -11.347
507 -11.347
508 -11.347
509 -11.347
510 -11.347
511 -11.347
512 -11.347
513 -11.347
514 -11.347
515 -11.347
516 -11.347
517 -11.347
518 -11.347
519 -11.347
520 -11.347
521 -11.347
522 -11.347
523 -11.347
524 -11.347
525 -11.347
526 -11.347
527 -11.347
528 -11.347
529 -11.347
530 -11.347
531 -11.347
532 -11.347
533 -11.347
534 -11.347
535 -11.347
536 -11.347
537 -11.347
538 -11.347
539 -11.347
540 -11.347
541 -11.347
542 -11.206
543 -11.206
544 -11.1903
545 -11.1903
546 -11.1903
547 -11.1903
548 -11.1903
549 -11.1903
550 -11.1466
551 -11.1466
552 -11.1466
553 -11.1466
554 -11.1466
555 -11.1466
556 -11.1466
557 -10.7783
558 -10.7783
559 -10.7783
560 -10.7783
561 -10.7783
562 -10.6238
563 -10.6238
564 -10.6238
565 -10.6238
566 -10.6238
567 -10.6238
568 -10.6238
569 -10.6238
570 -10.0484
571 -10.0484
572 -10.0484
573 -10.0484
574 -10.0484
575 -10.0484
576 -9.8115
577 -9.8115
578 -9.72289
579 -9.72289
580 -9.72289
581 -9.72289
582 -9.72289
583 -9.72289
584 -9.72289
585 -9.72289
586 -9.72289
587 -9.72289
588 -9.72289
589 -9.72289
590 -9.72289
591 -9.72289
592 -9.72289
593 -9.72289
594 -9.72289
595 -9.72289
596 -9.72289
597 -9.72289
598 -9.72289
599 -9.72289
600 -9.72289
601 -9.72289
602 -9.72289
603 -9.72289
604 -9.72289
605 -9.72289
606 -9.72289
607 -9.72289
608 -9.72289
609 -9.72289
610 -9.72289
611 -9.72289
612 -9.72289
613 -9.72289
614 -9.72289
615 -9.67861
616 -9.67861
617 -9.67861
618 -9.67861
619 -9.67861
620 -9.67861
621 -9.67861
622 -9.67861
623 -9.67861
624 -9.67861
625 -9.67861
626 -9.67861
627 -9.67861
628 -9.67861
629 -9.67861
630 -9.67861
631 -9.67861
632 -9.67861
633 -9.67861
634 -9.67861
635 -9.67861
636 -9.67861
637 -9.67861
638 -9.67861
639 -9.67861
640 -9.67861
641 -9.67861
642 -9.67861
643 -9.67861
644 -9.67861
645 -9.67861
646 -9.67861
647 -9.67861
648 -9.67861
649 -9.67861
650 -9.67861
651 -9.67861
652 -9.67861
653 -9.67861
654 -9.67861
655 -9.67861
656 -9.67861
657 -9.67861
658 -9.67861
659 -9.67861
660 -9.67861
661 -9.67861
662 -9.67861
663 -9.67861
664 -9.67861
665 -9.67861
666 -9.67861
667 -9.67861
668 -9.67861
669 -9.67861
670 -9.67861
671 -9.67861
672 -9.67861
673 -9.67861
674 -9.67861
675 -9.67861
676 -9.67861
677 -9.67861
678 -9.67861
679 -9.67861
680 -9.67861
681 -9.67861
682 -9.67861
683 -9.67861
684 -9.67861
685 -9.67861
686 -9.60155
687 -9.60155
688 -9.60155
689 -9.60155
690 -9.60155
691 -9.60155
692 -9.60155
693 -9.60155
694 -9.60155
695 -9.60155
696 -9.60155
697 -9.60155
698 -9.60155
699 -9.60155
700 -9.60155
701 -9.60155
702 -9.60155
703 -9.60155
704 -9.60155
705 -9.60155
706 -9.60155
707 -9.60155
708 -9.60155
709 -9.60155
710 -9.60155
711 -9.60155
712 -9.60155
713 -9.60155
714 -9.60155
715 -9.60155
716 -9.60155
717 -9.60155
718 -9.60155
719 -9.60155
720 -9.60155
721 -9.60155
722 -9.60155
723 -9.58432
724 -9.58432
725 -9.58432
726 -9.58432
727 -9.58432
728 -9.58432
729 -9.58432
730 -9.58432
731 -9.58432
732 -9.58432
733 -9.58432
734 -9.58432
735 -9.58432
736 -9.58432
737 -9.58432
738 -9.58432
739 -9.58432
740 -9.58432
741 -9.58432
742 -9.58432
743 -9.58432
744 -9.58432
745 -9.58432
746 -9.58432
747 -9.58432
748 -9.58432
749 -9.58432
750 -9.58432
751 -9.58432
752 -9.58432
753 -9.58432
754 -9.58432
755 -9.58432
756 -9.58432
757 -9.58432
758 -9.58432
759 -9.58432
760 -9.58432
761 -9.58432
762 -9.58432
763 -9.58432
764 -9.58432
765 -9.58432
766 -9.58432
767 -9.5797
768 -9.5797
769 -9.5797
770 -9.5797
771 -9.5797
772 -9.5797
773 -9.5797
774 -9.5797
775 -9.56362
776 -9.56362
777 -9.56362
778 -9.56362
779 -9.56362
780 -9.56362
781 -9.56362
782 -9.56362
783 -9.55745
784 -9.55745
785 -9.55745
786 -9.55745
787 -9.54403
788 -9.54403
789 -9.54156
790 -9.54156
791 -9.54156
792 -9.54156
793 -9.54156
794 -9.54156
795 -9.54156
796 -9.54156
797 -9.54156
798 -9.54156
799 -9.54156
800 -9.54156
801 -9.54156
802 -9.54156
803 -9.53272
804 -9.53272
805 -9.53272
806 -9.53272
807 -9.53272
808 -9.53272
809 -9.53272
810 -9.53272
811 -9.53272
812 -9.53272
813 -9.53272
814 -9.53272
815 -9.53272
816 -9.53272
817 -9.53272
818 -9.53272
819 -9.53272
820 -9.53272
821 -9.53272
822 -9.53272
823 -9.53272
824 -9.53272
825 -9.53272
826 -9.53272
827 -9.53272
828 -9.53272
829 -9.53272
830 -9.53272
831 -9.53272
832 -9.53272
833 -9.53272
834 -9.53272
835 -9.53272
836 -9.53272
837 -9.53272
838 -9.52368
839 -9.52368
840 -9.52368
841 -9.52368
842 -9.52368
843 -9.52368
844 -9.52368
845 -9.52368
846 -9.52368
847 -9.52368
848 -9.52368
849 -9.52368
850 -9.52368
851 -9.52368
852 -9.52368
853 -9.50557
854 -9.50557
855 -9.50557
856 -9.50557
857 -9.50557
858 -9.50557
859 -9.50557
860 -9.50557
861 -9.50557
862 -9.50557
863 -9.50557
864 -9.50557
865 -9.50557
866 -9.50557
867 -9.50557
868 -9.50557
869 -9.50557
870 -9.50557
871 -9.50557
872 -9.50557
873 -9.48043
874 -9.48043
875 -9.48043
876 -9.48043
877 -9.48043
878 -9.48043
879 -9.48043
880 -9.48043
881 -9.48043
882 -9.48043
883 -9.48043
884 -9.48043
885 -9.48043
886 -9.48043
887 -9.48043
888 -9.46497
889 -9.46497
890 -9.46497
891 -9.46497
892 -9.46497
893 -9.46497
894 -9.46497
895 -9.46497
896 -9.46497
897 -9.46497
898 -9.46497
899 -9.46497
900 -9.46497
901 -9.46497
902 -9.46497
903 -9.46497
904 -9.46497
905 -9.46497
906 -9.46497
907 -9.46497
908 -9.46497
909 -9.46497
910 -9.46497
911 -9.46497
912 -9.46497
913 -9.46497
914 -9.46497
915 -9.46497
916 -9.46497
917 -9.46497
918 -9.46497
919 -9.46497
920 -9.46497
921 -9.46497
922 -9.46497
923 -9.46497
924 -9.46497
925 -9.46497
926 -9.46497
927 -9.46177
928 -9.46177
929 -9.46177
930 -9.46177
931 -9.46177
932 -9.46177
933 -9.46177
934 -9.46177
935 -9.46177
936 -9.46177
937 -9.46177
938 -9.46177
939 -9.46177
940 -9.46177
941 -9.46177
942 -9.46177
943 -9.46177
944 -9.46177
945 -9.46177
946 -9.46177
947 -9.46056
948 -9.46056
949 -9.46056
950 -9.46056
951 -9.46056
952 -9.46056
953 -9.46056
954 -9.46056
955 -9.46056
956 -9.46056
957 -9.46056
958 -9.46056
959 -9.46056
960 -9.46056
961 -9.46056
962 -9.46056
963 -9.46056
964 -9.46056
965 -9.46056
966 -9.46056
967 -9.44155
968 -9.44155
969 -9.44155
970 -9.44155
971 -9.44155
972 -9.44155
973 -9.44155
974 -9.44155
975 -9.44155
976 -9.44155
977 -9.44155
978 -9.44155
979 -9.44155
980 -9.44155
981 -9.44155
982 -9.44155
983 -9.44155
984 -9.44155
985 -9.44155
986 -9.44155
987 -9.44155
988 -9.44155
989 -9.44155
990 -9.44155
991 -9.44155
992 -9.44155
993 -9.44155
994 -9.44155
995 -9.44155
996 -9.44155
997 -9.44155
998 -9.44155
999 -9.44155
