0 -1602.57
1 -1602.57
2 -1602.57
3 -1602.57
4 -1602.57
5 -1602.57
6 -1602.57
7 -1602.57
8 -1602.57
9 -1602.57
10 -1602.57
11 -1602.57
12 -1602.57
13 -1602.57
14 -1602.57
15 -1602.57
16 -1602.57
17 -1602.57
18 -1602.57
19 -1602.57
20 -1602.57
21 -1602.57
22 -1602.57
23 -1602.57
24 -1602.57
25 -1602.57
26 -1602.57
27 -1602.57
28 -1602.57
29 -1602.57
30 -1602.57
31 -1602.57
32 -1602.57
33 -1602.57
34 -1602.57
35 -1602.57
36 -1602.57
37 -1602.57
38 -1602.57
39 -1602.57
40 -1602.57
41 -1602.57
42 -1602.57
43 -1602.57
44 -1602.57
45 -1602.57
46 -1602.57
47 -1602.57
48 -1602.57
49 -1602.57
50 -1602.57
51 -1602.57
52 -1602.57
53 -1602.57
54 -1602.57
55 -1602.57
56 -1602.57
57 -1602.57
58 -1602.57
59 -1602.57
60 -1602.57
61 -1602.57
62 -1602.57
63 -1602.57
64 -1602.57
65 -1602.57
66 -1602.57
67 -1602.57
68 -1602.57
69 -1602.57
70 -1602.57
71 -1602.57
72 -1602.57
73 -1602.57
74 -1602.57
75 -1602.57
76 -1602.57
77 -1602.57
78 -1602.57
79 -1602.57
80 -1602.57
81 -1602.57
82 -1602.57
83 -1602.57
84 -1602.57
85 -1602.57
86 -1602.57
87 -1602.57
88 -1602.57
89 -1602.57
90 -1602.57
91 -1602.57
92 -1602.57
93 -1602.57
94 -1602.57
95 -1602.57
96 -819.129
97 -819.129
98 -819.129
99 -819.129
100 -819.129
101 -819.129
102 -819.129
103 -819.129
104 -819.129
105 -819.129
106 -819.129
107 -819.129
108 -819.129
109 -819.129
110 -819.129
111 -819.129
112 -819.129
113 -819.129
114 -819.129
115 -819.129
116 -819.129
117 -819.129
118 -819.129
119 -819.129
120 -819.129
121 -819.129
122 -819.129
123 -819.129
124 -819.129
125 -819.129
126 -819.129
127 -819.129
128 -819.129
129 -819.129
130 -819.129
131 -819.129
132 -819.129
133 -819.129
134 -819.129
135 -819.129
136 -819.129
137 -819.129
138 -819.129
139 -819.129
140 -819.129
141 -819.129
142 -819.129
143 -819.129
144 -819.129
145 -819.129
146 -819.129
147 -819.129
148 -819.129
149 -819.129
150 -819.129
151 -819.129
152 -819.129
153 -819.129
154 -819.129
155 -819.129
156 -819.129
157 -819.129
158 -819.129
159 -819.129
160 -819.129
161 -819.129
162 -819.129
163 -819.129
164 -819.129
165 -819.129
166 -819.129
167 -819.129
168 -819.129
169 -819.129
170 -819.129
171 -819.129
172 -819.129
173 -819.129
174 -819.129
175 -819.129
176 -819.129
177 -819.129
178 -325.377
179 -325.377
180 -325.377
181 -325.377
182 -325.377
183 -325.377
184 -325.377
185 -325.377
186 -325.377
187 -325.377
188 -325.377
189 -325.377
190 -325.377
191 -325.377
192 -325.377
193 -325.377
194 -325.377
195 -325.377
196 -325.377
197 -325.377
198 -325.377
199 -325.377
200 -325.377
201 -325.377
202 -325.377
203 -325.377
204 -325.377
205 -325.377
206 -325.377
207 -325.377
208 -325.377
209 -325.377
210 -325.377
211 -325.377
212 -325.377
213 -325.377
214 -325.377
215 -325.377
216 -325.377
217 -325.377
218 -325.377
219 -325.377
220 -325.377
221 -325.377
222 -325.377
223 -325.377
224 -325.377
225 -325.377
226 -325.377
227 -325.377
228 -322.65
229 -322.65
230 -322.65
231 -322.65
232 -322.65
233 -322.65
234 -322.65
235 -322.65
236 -322.65
237 -322.65
238 -310.577
239 -310.577
240 -310.577
241 -310.577
242 -310.577
243 -310.577
244 -264.631
245 -264.631
246 -264.631
247 -162.693
248 -162.693
249 -162.693
250 -162.693
251 -162.693
252 -162.693
253 -162.693
254 -162.693
255 -162.693
256 -162.693
257 -162.693
258 -162.693
259 -162.693
260 -162.693
261 -162.693
262 -162.693
263 -162.693
264 -162.693
265 -74.1204
266 -74.1204
267 -74.1204
268 -74.1204
269 -74.1204
270 -74.1204
271 -74.1204
272 -74.1204
273 -74.1204
274 -74.1204
275 -74.1204
276 -74.1204
277 -74.1204
278 -74.1204
279 -74.1204
280 -74.1204
281 -74.1204
282 -74.1204
283 -74.1204
284 -74.1204
285 -74.1204
286 -74.1204
287 -74.1204
288 -74.1204
289 -74.1204
290 -74.1204
291 -74.1204
292 -74.1204
293 -74.1204
294 -74.1204
295 -74.1204
296 -74.1204
297 -74.1204
298 -74.1204
299 -74.1204
300 -74.1204
301 -74.1204
302 -74.1204
303 -74.1204
304 -74.1204
305 -74.1204
306 -74.1204
307 -74.1204
308 -74.1204
309 -74.1204
310 -74.1204
311 -74.1204
312 -74.1204
313 -74.1204
314 -74.1204
315 -74.1204
316 -74.1204
317 -74.1204
318 -74.1204
319 -74.1204
320 -74.1204
321 -70.4239
322 -70.4239
323 -70.4239
324 -70.4239
325 -70.4239
326 -70.4239
327 -70.4239
328 -70.4239
329 -70.4239
330 -70.4239
331 -70.4239
332 -70.4239
333 -58.6904
334 -39.6454
335 -39.6454
336 -39.6454
337 -39.6454
338 -39.6454
339 -39.6454
340 -39.6454
341 -39.6454
342 -39.6454
343 -39.6454
344 -39.6454
345 -39.6454
346 -39.6454
347 -39.6454
348 -39.6454
349 -39.6454
350 -39.6454
351 -39.6454
352 -37.4183
353 -37.4183
354 -23.7636
355 -23.7636
356 -23.7636
357 -23.7636
358 -23.7636
359 -23.7636
360 -23.7636
361 -23.7636
362 -23.7636
363 -23.7636
364 -23.7636
365 -13.7309
366 -13.7309
367 -13.7309
368 -13.7309
369 -13.7309
370 -13.7309
371 -13.7309
372 -13.7309
373 -13.7309
374 -13.7309
375 -13.7309
376 -13.7309
377 -13.7309
378 -13.7309
379 -13.7309
380 -13.7309
381 -13.7309
382 -13.7309
383 -13.7309
384 -13.7309
385 -13.7309
386 -13.7309
387 -13.7309
388 -13.7309
389 -13.7309
390 -13.7309
391 -13.7309
392 -13.7309
393 -13.7309
394 -13.7309
395 -13.7309
396 -13.7309
397 -13.7309
398 -13.7309
399 -13.7309
400 -13.7309
401 -13.7309
402 -13.7309
403 -13.7309
404 -13.7309
405 -12.979
406 -12.979
407 -12.979
408 -12.979
409 -12.979
410 -12.979
411 -12.979
412 -12.979
413 -12.979
414 -12.979
415 -12.979
416 -12.979
417 -12.979
418 -12.979
419 -12.979
420 -12.979
421 -12.979
422 -12.979
423 -12.979
424 -12.979
425 -12.979
426 -12.979
427 -12.979
428 -12.979
429 -12.979
430 -12.979
431 -12.979
432 -12.979
433 -12.979
434 -12.979
435 -12.979
436 -12.979
437 -12.979
438 -12.979
439 -12.979
440 -12.979
441 -12.979
442 -12.979
443 -12.979
444 -12.979
445 -12.979
446 -12.979
447 -12.979
448 -12.979
449 -12.979
450 -12.979
451 -12.979
452 -12.979
453 -12.979
454 -12.979
455 -12.979
456 -12.979
457 -12.979
458 -12.979
459 -12.979
460 -12.979
461 -12.979
462 -12.979
463 -12.979
464 -12.979
465 -12.979
466 -12.979
467 -12.979
468 -11.1442
469 -11.1442
470 -11.1442
471 -11.1442
472 -10.2939
473 -10.2939
474 -10.2939
475 -10.2939
476 -10.2939
477 -10.2939
478 -10.2939
479 -10.2939
480 -10.2939
481 -10.2939
482 -10.2939
483 -10.2939
484 -10.2773
485 -10.2773
486 -10.2773
487 -10.2773
488 -10.2773
489 -10.0059
490 -10.0059
491 -10.0059
492 -10.0059
493 -10.0059
494 -10.0059
495 -10.0059
496 -10.0059
497 -10.0059
498 -10.0059
499 -10.0059
500 -10.0059
501 -10.0059
502 -10.0059
503 -10.0059
504 -10.0059
505 -10.0059
506 -10.0059
507 -10.0059
508 -10.0059
509 -10.0059
510 -10.0059
511 -10.0059
512 -10.0059
513 -10.0059
514 -10.0059
515 -10.0059
516 -9.8627
517 -9.83679
518 -9.83679
519 -9.83679
520 -9.83679
521 -9.83679
522 -9.83679
523 -9.83679
524 -9.83679
525 -9.83679
526 -9.83679
527 -9.83679
528 -9.83679
529 -9.83679
530 -9.83679
531 -9.83679
532 -9.83679
533 -9.83679
534 -9.83679
535 -9.83679
536 -9.83679
537 -9.83679
538 -9.83679
539 -9.83679
540 -9.83679
541 -9.83679
542 -9.83679
543 -9.83679
544 -9.83679
545 -9.83679
546 -9.83679
547 -9.83679
548 -9.83679
549 -9.83679
550 -9.83679
551 -9.83679
552 -9.83679
553 -9.83679
554 -9.83679
555 -9.83679
556 -9.83679
557 -9.83679
558 -9.83679
559 -9.83679
560 -9.83679
561 -9.83679
562 -9.83679
563 -9.83679
564 -9.83679
565 -9.68858
566 -9.68455
567 -9.63027
568 -9.63027
569 -9.63027
570 -9.63027
571 -9.63027
572 -9.63027
573 -9.63027
574 -9.63027
575 -9.63027
576 -9.63027
577 -9.63027
578 -9.63027
579 -9.63027
580 -9.63027
581 -9.63027
582 -9.63027
583 -9.6024
584 -9.6024
585 -9.5635
586 -9.5635
587 -9.5635
588 -9.5635
589 -9.5635
590 -9.5635
591 -9.5635
592 -9.5635
593 -9.5635
594 -9.5635
595 -9.5635
596 -9.5635
597 -9.5635
598 -9.5635
599 -9.5635
600 -9.5635
601 -9.5635
602 -9.5635
603 -9.5635
604 -9.5635
605 -9.5635
606 -9.5635
607 -9.5635
608 -9.5635
609 -9.5635
610 -9.5635
611 -9.5635
612 -9.5635
613 -9.5635
614 -9.5635
615 -9.5635
616 -9.5635
617 -9.5635
618 -9.5635
619 -9.5635
620 -9.5635
621 -9.5635
622 -9.5635
623 -9.5635
624 -9.55411
625 -9.55411
626 -9.55411
627 -9.55411
628 -9.55411
629 -9.55411
630 -9.55411
631 -9.55411
632 -9.55411
633 -9.55411
634 -9.55411
635 -9.55411
636 -9.55411
637 -9.55411
638 -9.55411
639 -9.55411
640 -9.55411
641 -9.55411
642 -9.55411
643 -9.55411
644 -9.55411
645 -9.51869
646 -9.51869
647 -9.51869
648 -9.51869
649 -9.51869
650 -9.51869
651 -9.51869
652 -9.45397
653 -9.45169
654 -9.45169
655 -9.45169
656 -9.45169
657 -9.45169
658 -9.45169
659 -9.45169
660 -9.45169
661 -9.45169
662 -9.45169
663 -9.45169
664 -9.45169
665 -9.45169
666 -9.45169
667 -9.45169
668 -9.45169
669 -9.45169
670 -9.45169
671 -9.45169
672 -9.45169
673 -9.45169
674 -9.45169
675 -9.45169
676 -9.45169
677 -9.45169
678 -9.45169
679 -9.45169
680 -9.45169
681 -9.45169
682 -9.45169
683 -9.45169
684 -9.45169
685 -9.45169
686 -9.45169
687 -9.45169
688 -9.45169
689 -9.45169
690 -9.45169
691 -9.45169
692 -9.45169
693 -9.45169
694 -9.45169
695 -9.45169
696 -9.45169
697 -9.45169
698 -9.45169
699 -9.45169
700 -9.45169
701 -9.45169
702 -9.45169
703 -9.45169
704 -9.45169
705 -9.45169
706 -9.45169
707 -9.45169
708 -9.45169
709 -9.45169
710 -9.45169
711 -9.45169
712 -9.45169
713 -9.45169
714 -9.45169
715 -9.45169
716 -9.45169
717 -9.45169
718 -9.45169
719 -9.45169
720 -9.45169
721 -9.45169
722 -9.45169
723 -9.45169
724 -9.45169
725 -9.45169
726 -9.45169
727 -9.45169
728 -9.45169
729 -9.45169
730 -9.45169
731 -9.45169
732 -9.45169
733 -9.45169
734 -9.45169
735 -9.45169
736 -9.45169
737 -9.45169
738 -9.45169
739 -9.45169
740 -9.45169
741 -9.45169
742 -9.45169
743 -9.45169
744 -9.45169
745 -9.45169
746 -9.45169
747 -9.45169
748 -9.45169
749 -9.45169
750 -9.45169
751 -9.45169
752 -9.45169
753 -9.45169
754 -9.45169
755 -9.45169
756 -9.45169
757 -9.45169
758 -9.45169
759 -9.45169
760 -9.45169
761 -9.45169
762 -9.45169
763 -9.45169
764 -9.45169
765 -9.45169
766 -9.45169
767 -9.45169
768 -9.45169
769 -9.45169
770 -9.45169
771 -9.45169
772 -9.45169
773 -9.45169
774 -9.45169
775 -9.45169
776 -9.45169
777 -9.45169
778 -9.45169
779 -9.45169
780 -9.45169
781 -9.45169
782 -9.45169
783 -9.45169
784 -9.45169
785 -9.45169
786 -9.45169
787 -9.45169
788 -9.45169
789 -9.45169
790 -9.45169
791 -9.45169
792 -9.45169
793 -9.45169
794 -9.45169
795 -9.45169
796 -9.45169
797 -9.45169
798 -9.45169
799 -9.45169
800 -9.45169
801 -9.45169
802 -9.45169
803 -9.45169
804 -9.45169
805 -9.45169
806 -9.45169
807 -9.45169
808 -9.45169
809 -9.45169
810 -9.45169
811 -9.45169
812 -9.45169
813 -9.45169
814 -9.45169
815 -9.45169
816 -9.45169
817 -9.45169
818 -9.45169
819 -9.45169
820 -9.45169
821 -9.45169
822 -9.45169
823 -9.45169
824 -9.45169
825 -9.45169
826 -9.45169
827 -9.45169
828 -9.45169
829 -9.45169
830 -9.45169
831 -9.45169
832 -9.45169
833 -9.45169
834 -9.45169
835 -9.45169
836 -9.45169
837 -9.45169
838 -9.45169
839 -9.45169
840 -9.45169
841 -9.45169
842 -9.45169
843 -9.45169
844 -9.45169
845 -9.45169
846 -9.45169
847 -9.45169
848 -9.45169
849 -9.45169
850 -9.45169
851 -9.45169
852 -9.45169
853 -9.45169
854 -9.45169
855 -9.45169
856 -9.45169
857 -9.45169
858 -9.45169
859 -9.45169
860 -9.45169
861 -9.45169
862 -9.45169
863 -9.45169
864 -9.45169
865 -9.45169
866 -9.45169
867 -9.45169
868 -9.45169
869 -9.45169
870 -9.45169
871 -9.45169
872 -9.45169
873 -9.45169
874 -9.45169
875 -9.45169
876 -9.45169
877 -9.45169
878 -9.45169
879 -9.45169
880 -9.45169
881 -9.45169
882 -9.45169
883 -9.45169
884 -9.45169
885 -9.45169
886 -9.45169
887 -9.45169
888 -9.45169
889 -9.45169
890 -9.45169
891 -9.45169
892 -9.45169
893 -9.45169
894 -9.45169
895 -9.45169
896 -9.45169
897 -9.45169
898 -9.45169
899 -9.45169
900 -9.45169
901 -9.45169
902 -9.45169
903 -9.45169
904 -9.45169
905 -9.45169
906 -9.45169
907 -9.45169
908 -9.45169
909 -9.45169
910 -9.45169
911 -9.45169
912 -9.45169
913 -9.45169
914 -9.45169
915 -9.45169
916 -9.45169
917 -9.45169
918 -9.45169
919 -9.45169
920 -9.45169
921 -9.45169
922 -9.45169
923 -9.45169
924 -9.45169
925 -9.45169
926 -9.45169
927 -9.45169
928 -9.45169
929 -9.45169
930 -9.45169
931 -9.45169
932 -9.45169
933 -9.45169
934 -9.45169
935 -9.45169
936 -9.45169
937 -9.45169
938 -9.45169
939 -9.44047
940 -9.44047
941 -9.44047
942 -9.44047
943 -9.44047
944 -9.44047
945 -9.44047
946 -9.44047
947 -9.44047
948 -9.44047
949 -9.44047
950 -9.44047
951 -9.44047
952 -9.44047
953 -9.44047
954 -9.44047
955 -9.44047
956 -9.44047
957 -9.44047
958 -9.44047
959 -9.44047
960 -9.44047
961 -9.44047
962 -9.44047
963 -9.44047
964 -9.44047
965 -9.44047
966 -9.44047
967 -9.44047
968 -9.44047
969 -9.44047
970 -9.44047
971 -9.44047
972 -9.44047
973 -9.44047
974 -9.44047
975 -9.44047
976 -9.44047
977 -9.44047
978 -9.44047
979 -9.44047
980 -9.44047
981 -9.44047
982 -9.44047
983 -9.44047
984 -9.43349
985 -9.43349
986 -9.43349
987 -9.43349
988 -9.43349
989 -9.43349
990 -9.43349
991 -9.43349
992 -9.43349
993 -9.43349
994 -9.43349
995 -9.43349
996 -9.43349
997 -9.43349
998 -9.43349
999 -9.43349
