0 -6097.39
1 -6097.39
2 -6097.39
3 -6097.39
4 -6097.39
5 -6097.39
6 -6097.39
7 -6097.39
8 -6097.39
9 -6097.39
10 -6097.39
11 -6097.39
12 -6097.39
13 -6097.39
14 -6097.39
15 -6097.39
16 -6097.39
17 -6097.39
18 -6097.39
19 -6097.39
20 -6097.39
21 -6097.39
22 -6097.39
23 -6097.39
24 -6097.39
25 -6097.39
26 -6097.39
27 -6097.39
28 -6097.39
29 -6097.39
30 -6097.39
31 -6097.39
32 -6097.39
33 -6097.39
34 -6097.39
35 -6097.39
36 -6097.39
37 -6097.39
38 -6097.39
39 -6097.39
40 -6097.39
41 -6097.39
42 -6097.39
43 -6097.39
44 -6097.39
45 -6097.39
46 -6097.39
47 -6097.39
48 -5444.58
49 -5444.58
50 -5444.58
51 -5444.58
52 -5444.58
53 -5444.58
54 -5444.58
55 -4910.31
56 -4910.31
57 -4910.31
58 -4910.31
59 -4781.84
60 -4781.84
61 -4781.84
62 -4781.84
63 -4781.84
64 -4781.84
65 -4781.84
66 -4781.84
67 -4781.84
68 -4590.22
69 -4590.22
70 -4590.22
71 -4590.22
72 -4590.22
73 -4590.22
74 -4590.22
75 -4590.22
76 -4590.22
77 -4544.85
78 -4544.85
79 -4544.85
80 -4544.85
81 -4544.85
82 -4544.85
83 -3108.2
84 -3108.2
85 -3108.2
86 -3108.2
87 -3108.2
88 -3108.2
89 -3108.2
90 -3108.2
91 -3108.2
92 -2493.39
93 -2493.39
94 -2493.39
95 -2493.39
96 -2493.39
97 -2493.39
98 -2493.39
99 -2493.39
100 -2493.39
101 -2493.39
102 -2493.39
103 -2493.39
104 -2493.39
105 -2493.39
106 -2493.39
107 -2493.39
108 -2493.39
109 -2493.39
110 -2493.39
111 -2493.39
112 -2493.39
113 -2493.39
114 -2493.39
115 -1821.43
116 -1821.43
117 -1821.43
118 -1821.43
119 -1821.43
120 -1821.43
121 -1821.43
122 -1821.43
123 -1735.17
124 -1735.17
125 -1735.17
126 -1735.17
127 -1735.17
128 -1735.17
129 -1735.17
130 -1735.17
131 -1735.17
132 -1735.17
133 -1735.17
134 -1735.17
135 -1735.17
136 -1735.17
137 -1735.17
138 -1735.17
139 -1735.17
140 -1735.17
141 -1735.17
142 -1735.17
143 -1735.17
144 -1735.17
145 -1735.17
146 -1735.17
147 -1735.17
148 -1735.17
149 -1735.17
150 -1735.17
151 -1735.17
152 -1735.17
153 -1419.28
154 -1419.28
155 -1419.28
156 -1419.28
157 -1354.57
158 -1354.57
159 -1354.57
160 -1354.57
161 -1354.57
162 -1354.57
163 -1354.57
164 -1354.57
165 -1354.57
166 -1354.57
167 -1354.57
168 -1354.57
169 -1354.57
170 -1354.57
171 -1354.57
172 -1354.57
173 -1354.57
174 -1354.57
175 -1354.57
176 -1354.57
177 -1354.57
178 -952.39
179 -952.39
180 -952.39
181 -952.39
182 -952.39
183 -952.39
184 -952.39
185 -952.39
186 -952.39
187 -952.39
188 -371.338
189 -371.338
190 -371.338
191 -371.338
192 -371.338
193 -371.338
194 -371.338
195 -371.338
196 -371.338
197 -371.338
198 -371.338
199 -371.338
200 -371.338
201 -371.338
202 -371.338
203 -371.338
204 -371.338
205 -371.338
206 -371.338
207 -371.338
208 -371.338
209 -371.338
210 -371.338
211 -371.338
212 -371.338
213 -371.338
214 -371.338
215 -371.338
216 -371.338
217 -371.338
218 -371.338
219 -371.338
220 -371.338
221 -371.338
222 -371.338
223 -371.338
224 -371.338
225 -371.338
226 -371.338
227 -371.338
228 -371.338
229 -371.338
230 -313.546
231 -313.546
232 -313.546
233 -313.546
234 -313.546
235 -313.546
236 -313.546
237 -313.546
238 -313.546
239 -313.546
240 -170.453
241 -170.453
242 -170.453
243 -170.453
244 -170.453
245 -170.453
246 -170.453
247 -170.453
248 -170.453
249 -170.453
250 -170.453
251 -170.453
252 -170.453
253 -170.453
254 -170.453
255 -170.453
256 -170.453
257 -170.453
258 -170.453
259 -170.453
260 -170.453
261 -170.453
262 -170.453
263 -170.453
264 -170.453
265 -170.453
266 -170.453
267 -170.453
268 -170.453
269 -170.453
270 -170.453
271 -170.453
272 -97.2013
273 -97.2013
274 -97.2013
275 -97.2013
276 -97.2013
277 -97.2013
278 -97.2013
279 -97.2013
280 -97.2013
281 -97.2013
282 -97.2013
283 -97.2013
284 -97.2013
285 -97.2013
286 -97.2013
287 -97.2013
288 -97.2013
289 -97.2013
290 -97.2013
291 -97.2013
292 -97.2013
293 -97.2013
294 -97.2013
295 -97.2013
296 -97.2013
297 -97.2013
298 -97.2013
299 -97.2013
300 -97.2013
301 -97.2013
302 -97.2013
303 -97.2013
304 -97.2013
305 -97.2013
306 -97.2013
307 -97.2013
308 -97.2013
309 -97.2013
310 -97.2013
311 -97.2013
312 -97.2013
313 -97.2013
314 -97.2013
315 -97.2013
316 -97.2013
317 -97.2013
318 -97.2013
319 -97.2013
320 -97.2013
321 -97.2013
322 -97.2013
323 -97.2013
324 -97.2013
325 -97.2013
326 -97.2013
327 -89.6684
328 -89.6684
329 -89.6684
330 -89.6684
331 -89.6684
332 -89.6684
333 -89.6684
334 -89.6684
335 -89.6684
336 -89.6684
337 -89.6684
338 -89.6684
339 -89.6684
340 -89.6684
341 -89.6684
342 -89.6684
343 -89.6684
344 -67.1099
345 -67.1099
346 -67.1099
347 -67.1099
348 -67.1099
349 -67.1099
350 -67.1099
351 -67.1099
352 -67.1099
353 -67.1099
354 -67.1099
355 -67.1099
356 -67.1099
357 -67.1099
358 -67.1099
359 -67.1099
360 -67.1099
361 -60.7834
362 -60.7834
363 -60.7834
364 -56.6194
365 -56.6194
366 -56.6194
367 -56.6194
368 -56.6194
369 -56.6194
370 -56.6194
371 -56.6194
372 -56.6194
373 -56.6194
374 -56.6194
375 -56.6194
376 -56.6194
377 -40.813
378 -40.813
379 -40.813
380 -40.813
381 -40.813
382 -40.813
383 -40.813
384 -40.813
385 -40.813
386 -40.813
387 -40.813
388 -40.813
389 -40.813
390 -40.813
391 -39.9764
392 -39.9764
393 -39.9764
394 -39.9764
395 -39.9764
396 -39.9764
397 -39.9764
398 -21.4624
399 -18.6789
400 -18.6789
401 -18.6789
402 -18.6789
403 -18.6789
404 -13.8651
405 -13.8651
406 -13.8651
407 -13.8651
408 -12.2602
409 -12.2602
410 -12.2602
411 -12.2602
412 -12.2602
413 -12.2602
414 -12.2602
415 -12.2602
416 -12.2602
417 -12.2602
418 -12.2602
419 -12.2602
420 -12.2602
421 -12.2602
422 -12.2602
423 -12.2602
424 -12.2602
425 -12.2602
426 -12.2602
427 -12.2602
428 -12.2602
429 -12.2602
430 -12.2602
431 -12.2602
432 -12.2602
433 -12.2602
434 -12.2602
435 -12.2602
436 -12.2602
437 -12.2602
438 -12.2602
439 -12.2602
440 -12.2602
441 -12.2602
442 -12.2602
443 -12.2602
444 -12.2602
445 -12.2602
446 -12.2602
447 -12.2602
448 -12.2602
449 -12.2602
450 -12.2602
451 -12.2602
452 -12.2602
453 -12.2602
454 -12.2602
455 -12.2602
456 -12.2602
457 -12.2602
458 -12.2602
459 -12.2602
460 -12.2602
461 -12.2602
462 -12.2602
463 -12.2602
464 -12.2602
465 -12.2602
466 -12.2602
467 -12.2602
468 -12.2602
469 -12.2602
470 -12.2602
471 -12.2602
472 -12.2602
473 -12.2602
474 -12.2602
475 -12.2602
476 -12.2602
477 -12.2602
478 -12.2602
479 -12.2602
480 -12.2602
481 -12.2602
482 -12.2602
483 -12.2602
484 -12.2602
485 -12.2602
486 -12.2602
487 -12.2602
488 -12.2602
489 -12.2602
490 -12.2602
491 -12.2602
492 -12.2602
493 -12.2602
494 -12.2602
495 -10.7274
496 -10.7274
497 -10.7274
498 -10.7274
499 -10.7274
500 -10.7274
501 -10.7274
502 -10.7274
503 -10.7274
504 -10.7274
505 -10.7274
506 -10.7274
507 -10.7274
508 -10.7274
509 -10.7274
510 -10.7274
511 -10.7274
512 -10.7274
513 -10.7274
514 -10.7274
515 -10.7274
516 -10.7274
517 -10.7274
518 -10.7274
519 -10.7274
520 -10.7274
521 -10.7274
522 -10.7274
523 -10.7274
524 -10.2838
525 -10.2838
526 -10.2838
527 -10.2838
528 -10.2838
529 -10.2838
530 -10.2838
531 -10.2838
532 -10.2838
533 -10.2623
534 -10.2623
535 -10.2623
536 -10.2623
537 -10.2623
538 -10.2623
539 -10.2623
540 -10.2623
541 -10.2623
542 -10.2623
543 -10.2623
544 -10.2623
545 -10.2623
546 -10.2623
547 -10.2623
548 -10.2623
549 -10.2623
550 -10.2623
551 -10.2623
552 -10.2623
553 -10.2623
554 -10.2623
555 -10.2623
556 -10.2623
557 -10.2623
558 -10.2623
559 -10.2623
560 -10.2623
561 -10.2623
562 -10.2623
563 -10.2623
564 -10.2623
565 -10.2623
566 -10.2623
567 -10.2623
568 -10.2623
569 -10.2623
570 -10.2623
571 -10.2623
572 -10.0717
573 -10.0717
574 -9.90866
575 -9.90866
576 -9.90866
577 -9.89561
578 -9.89561
579 -9.89561
580 -9.89561
581 -9.89561
582 -9.89561
583 -9.89561
584 -9.89561
585 -9.89561
586 -9.89561
587 -9.89561
588 -9.89561
589 -9.89561
590 -9.89561
591 -9.89561
592 -9.89561
593 -9.89561
594 -9.89561
595 -9.89561
596 -9.89561
597 -9.89561
598 -9.89561
599 -9.69316
600 -9.69316
601 -9.69316
602 -9.69316
603 -9.6272
604 -9.6272
605 -9.6272
606 -9.6272
607 -9.6272
608 -9.6272
609 -9.6272
610 -9.6272
611 -9.6272
612 -9.6272
613 -9.6272
614 -9.6272
615 -9.6272
616 -9.6272
617 -9.6272
618 -9.6272
619 -9.6272
620 -9.6272
621 -9.6272
622 -9.6272
623 -9.6272
624 -9.6272
625 -9.6272
626 -9.6272
627 -9.6272
628 -9.6272
629 -9.6272
630 -9.6272
631 -9.6272
632 -9.6272
633 -9.6272
634 -9.6272
635 -9.6043
636 -9.6043
637 -9.6043
638 -9.6043
639 -9.6043
640 -9.6043
641 -9.6043
642 -9.6043
643 -9.6043
644 -9.6043
645 -9.58419
646 -9.58419
647 -9.58419
648 -9.58419
649 -9.58419
650 -9.58419
651 -9.58419
652 -9.58419
653 -9.58419
654 -9.58419
655 -9.58419
656 -9.58419
657 -9.58419
658 -9.58419
659 -9.58419
660 -9.58419
661 -9.58419
662 -9.58419
663 -9.58419
664 -9.58419
665 -9.58419
666 -9.58419
667 -9.58419
668 -9.58419
669 -9.58419
670 -9.58419
671 -9.58419
672 -9.58419
673 -9.58419
674 -9.58419
675 -9.58419
676 -9.58419
677 -9.58419
678 -9.58419
679 -9.58419
680 -9.58419
681 -9.58419
682 -9.58419
683 -9.58419
684 -9.58419
685 -9.58419
686 -9.58419
687 -9.58419
688 -9.58419
689 -9.58419
690 -9.58419
691 -9.58419
692 -9.58419
693 -9.58419
694 -9.58419
695 -9.58419
696 -9.58419
697 -9.58419
698 -9.58419
699 -9.58419
700 -9.58419
701 -9.58419
702 -9.58419
703 -9.58419
704 -9.58419
705 -9.58419
706 -9.58419
707 -9.58419
708 -9.58419
709 -9.58419
710 -9.58419
711 -9.58419
712 -9.58419
713 -9.58419
714 -9.58419
715 -9.58419
716 -9.55922
717 -9.55922
718 -9.55922
719 -9.55922
720 -9.5491
721 -9.5491
722 -9.5491
723 -9.5491
724 -9.5491
725 -9.5491
726 -9.5491
727 -9.5491
728 -9.5491
729 -9.5491
730 -9.5491
731 -9.5491
732 -9.5491
733 -9.5491
734 -9.54137
735 -9.54137
736 -9.54137
737 -9.54137
738 -9.54137
739 -9.53263
740 -9.53263
741 -9.53263
742 -9.53263
743 -9.53263
744 -9.53263
745 -9.53263
746 -9.53263
747 -9.53263
748 -9.53263
749 -9.53263
750 -9.53263
751 -9.53263
752 -9.53263
753 -9.53263
754 -9.52459
755 -9.52459
756 -9.52459
757 -9.52459
758 -9.52459
759 -9.52459
760 -9.52459
761 -9.52459
762 -9.52459
763 -9.52459
764 -9.52459
765 -9.52459
766 -9.52459
767 -9.52459
768 -9.52459
769 -9.52459
770 -9.52459
771 -9.52459
772 -9.52459
773 -9.51843
774 -9.51843
775 -9.51843
776 -9.51843
777 -9.51843
778 -9.51766
779 -9.51766
780 -9.51766
781 -9.51766
782 -9.51766
783 -9.51766
784 -9.51766
785 -9.51766
786 -9.51766
787 -9.51518
788 -9.51518
789 -9.51518
790 -9.51518
791 -9.50355
792 -9.50355
793 -9.50355
794 -9.50355
795 -9.50355
796 -9.50355
797 -9.50355
798 -9.50355
799 -9.50355
800 -9.50355
801 -9.50355
802 -9.50355
803 -9.50158
804 -9.50158
805 -9.50158
806 -9.49645
807 -9.49645
808 -9.49645
809 -9.49645
810 -9.49645
811 -9.49645
812 -9.49645
813 -9.49645
814 -9.49645
815 -9.49645
816 -9.49645
817 -9.49645
818 -9.49645
819 -9.49645
820 -9.49645
821 -9.49645
822 -9.49645
823 -9.49645
824 -9.49645
825 -9.49645
826 -9.49645
827 -9.49645
828 -9.49645
829 -9.49645
830 -9.49645
831 -9.49558
832 -9.49558
833 -9.4741
834 -9.4741
835 -9.4741
836 -9.4741
837 -9.4741
838 -9.4741
839 -9.4741
840 -9.4741
841 -9.4741
842 -9.4741
843 -9.4741
844 -9.4741
845 -9.4741
846 -9.4741
847 -9.4741
848 -9.45039
849 -9.45039
850 -9.45039
851 -9.45039
852 -9.45039
853 -9.45039
854 -9.45039
855 -9.45039
856 -9.45039
857 -9.45039
858 -9.45039
859 -9.45039
860 -9.45039
861 -9.45039
862 -9.45039
863 -9.45039
864 -9.45039
865 -9.45039
866 -9.45039
867 -9.45039
868 -9.45039
869 -9.45039
870 -9.45039
871 -9.45039
872 -9.45039
873 -9.45039
874 -9.45039
875 -9.45039
876 -9.45039
877 -9.45039
878 -9.45039
879 -9.45039
880 -9.45039
881 -9.45039
882 -9.45039
883 -9.45039
884 -9.45039
885 -9.45039
886 -9.44867
887 -9.44867
888 -9.44867
889 -9.44867
890 -9.44867
891 -9.4443
892 -9.4443
893 -9.4443
894 -9.4443
895 -9.4443
896 -9.4443
897 -9.4443
898 -9.4443
899 -9.4443
900 -9.4443
901 -9.4443
902 -9.4443
903 -9.4443
904 -9.4443
905 -9.4443
906 -9.4443
907 -9.4443
908 -9.4443
909 -9.4443
910 -9.4443
911 -9.4443
912 -9.4443
913 -9.4443
914 -9.4443
915 -9.4443
916 -9.4443
917 -9.4443
918 -9.4443
919 -9.4443
920 -9.4443
921 -9.4443
922 -9.4443
923 -9.4443
924 -9.4443
925 -9.4443
926 -9.4443
927 -9.4443
928 -9.4443
929 -9.4443
930 -9.4443
931 -9.4443
932 -9.4443
933 -9.4443
934 -9.4443
935 -9.4443
936 -9.4443
937 -9.4443
938 -9.4443
939 -9.4443
940 -9.4443
941 -9.4443
942 -9.4443
943 -9.4443
944 -9.4443
945 -9.42192
946 -9.42192
947 -9.42192
948 -9.42192
949 -9.42192
950 -9.42192
951 -9.42192
952 -9.42192
953 -9.42192
954 -9.42192
955 -9.42192
956 -9.42192
957 -9.42192
958 -9.42192
959 -9.42192
960 -9.42192
961 -9.42192
962 -9.42192
963 -9.42192
964 -9.42192
965 -9.42192
966 -9.42192
967 -9.42192
968 -9.42192
969 -9.42192
970 -9.42192
971 -9.42192
972 -9.42192
973 -9.42192
974 -9.42192
975 -9.42192
976 -9.42192
977 -9.42192
978 -9.42192
979 -9.42192
980 -9.42192
981 -9.41574
982 -9.41574
983 -9.41574
984 -9.41574
985 -9.41574
986 -9.41574
987 -9.41574
988 -9.41574
989 -9.41574
990 -9.41574
991 -9.41574
992 -9.41574
993 -9.41574
994 -9.41574
995 -9.41574
996 -9.41574
997 -9.41574
998 -9.41574
999 -9.41574
