0 -5180.62
1 -5180.62
2 -5180.62
3 -5180.62
4 -5180.62
5 -5180.62
6 -5180.62
7 -5180.62
8 -5180.62
9 -5180.62
10 -5180.62
11 -5180.62
12 -5180.62
13 -5180.62
14 -5180.62
15 -5180.62
16 -5180.62
17 -4215.13
18 -4215.13
19 -4215.13
20 -4215.13
21 -4215.13
22 -4215.13
23 -4011.54
24 -4011.54
25 -4011.54
26 -4011.54
27 -4011.54
28 -4011.54
29 -4011.54
30 -3816.04
31 -3816.04
32 -3509.43
33 -3509.43
34 -3509.43
35 -3509.43
36 -3509.43
37 -3509.43
38 -3509.43
39 -3509.43
40 -2130.77
41 -2130.77
42 -2130.77
43 -2130.77
44 -2130.77
45 -2130.77
46 -2130.77
47 -2105.74
48 -2105.74
49 -2105.74
50 -2105.74
51 -2105.74
52 -2105.74
53 -2105.74
54 -2105.74
55 -2105.74
56 -1816.23
57 -1816.23
58 -1816.23
59 -1364.61
60 -1364.61
61 -1184.37
62 -1184.37
63 -1184.37
64 -1184.37
65 -1184.37
66 -1184.37
67 -1184.37
68 -1145.78
69 -1145.78
70 -1145.78
71 -1145.78
72 -1145.78
73 -1145.78
74 -1145.78
75 -1145.78
76 -1144.76
77 -1144.76
78 -1144.76
79 -982.966
80 -982.966
81 -982.966
82 -982.966
83 -982.966
84 -982.966
85 -269.801
86 -269.801
87 -269.801
88 -269.801
89 -269.801
90 -269.801
91 -269.801
92 -269.801
93 -269.801
94 -269.801
95 -269.801
96 -269.801
97 -269.801
98 -269.801
99 -269.801
100 -269.801
101 -269.801
102 -269.801
103 -269.801
104 -269.801
105 -269.801
106 -269.801
107 -269.801
108 -269.801
109 -269.801
110 -269.801
111 -269.801
112 -269.801
113 -269.801
114 -213.647
115 -213.647
116 -213.647
117 -213.647
118 -213.647
119 -44.1271
120 -44.1271
121 -44.1271
122 -44.1271
123 -44.1271
124 -44.1271
125 -44.1271
126 -44.1271
127 -44.1271
128 -44.1271
129 -44.1271
130 -44.1271
131 -44.1271
132 -44.1271
133 -44.1271
134 -44.1271
135 -44.1271
136 -44.1271
137 -44.1271
138 -44.1271
139 -44.1271
140 -44.1271
141 -44.1271
142 -44.1271
143 -44.1271
144 -44.1271
145 -44.1271
146 -44.1271
147 -44.1271
148 -44.1271
149 -44.1271
150 -44.1271
151 -44.1271
152 -44.1271
153 -44.1271
154 -44.1271
155 -44.1271
156 -44.1271
157 -44.1271
158 -44.1271
159 -44.1271
160 -44.1271
161 -44.1271
162 -44.1271
163 -44.1271
164 -44.1271
165 -44.1271
166 -44.1271
167 -44.1271
168 -44.1271
169 -44.1271
170 -44.1271
171 -44.1271
172 -44.1271
173 -44.1271
174 -44.1271
175 -44.1271
176 -44.1271
177 -44.1271
178 -44.1271
179 -44.1271
180 -44.1271
181 -20.5203
182 -20.5203
183 -20.5203
184 -20.5203
185 -20.5203
186 -20.5203
187 -20.5203
188 -20.5203
189 -20.5203
190 -20.5203
191 -20.5203
192 -20.5203
193 -20.5203
194 -20.5203
195 -20.5203
196 -20.5203
197 -20.5203
198 -20.5203
199 -20.5203
200 -20.5203
201 -20.5203
202 -20.5203
203 -20.5203
204 -20.5203
205 -20.5203
206 -20.5203
207 -20.5203
208 -20.5203
209 -20.5203
210 -20.5203
211 -20.5203
212 -20.5203
213 -20.5203
214 -20.5203
215 -20.5203
216 -20.5203
217 -19.2107
218 -19.2107
219 -19.2107
220 -19.2107
221 -19.2107
222 -15.4174
223 -15.4174
224 -15.4174
225 -10.2771
226 -10.2771
227 -10.2771
228 -10.2771
229 -10.2771
230 -10.2771
231 -10.2771
232 -10.2771
233 -10.2771
234 -10.2771
235 -10.2771
236 -10.2771
237 -10.2771
238 -10.2771
239 -10.2771
240 -10.2771
241 -10.2771
242 -10.2771
243 -10.2771
244 -10.2771
245 -10.2771
246 -10.2771
247 -10.2771
248 -10.2771
249 -10.2771
250 -10.2771
251 -10.2771
252 -10.2771
253 -10.2771
254 -10.2771
255 -10.2771
256 -10.2771
257 -10.2771
258 -10.2771
259 -10.2771
260 -10.2771
261 -10.2771
262 -10.2771
263 -10.2771
264 -10.2771
265 -10.2295
266 -10.2295
267 -10.0559
268 -10.0559
269 -10.0559
270 -10.0559
271 -10.0559
272 -10.0559
273 -10.0559
274 -10.0559
275 -10.0559
276 -10.0559
277 -10.0559
278 -10.0559
279 -10.0559
280 -10.0559
281 -9.98427
282 -9.98427
283 -9.98427
284 -9.98427
285 -9.98427
286 -9.98427
287 -9.98427
288 -9.98427
289 -9.98427
290 -9.98427
291 -9.98427
292 -9.98427
293 -9.98427
294 -9.98427
295 -9.98427
296 -9.98427
297 -9.98427
298 -9.98427
299 -9.98427
300 -9.98427
301 -9.98427
302 -9.98427
303 -9.98427
304 -9.98427
305 -9.98427
306 -9.98427
307 -9.98427
308 -9.98427
309 -9.98427
310 -9.98427
311 -9.98427
312 -9.77419
313 -9.77419
314 -9.77419
315 -9.77419
316 -9.77173
317 -9.74565
318 -9.74565
319 -9.74565
320 -9.74565
321 -9.74565
322 -9.71826
323 -9.71826
324 -9.71826
325 -9.71826
326 -9.71826
327 -9.71826
328 -9.71826
329 -9.71826
330 -9.71826
331 -9.71826
332 -9.71826
333 -9.71826
334 -9.71826
335 -9.71826
336 -9.71826
337 -9.71826
338 -9.71826
339 -9.71826
340 -9.71826
341 -9.71826
342 -9.63259
343 -9.63259
344 -9.63259
345 -9.6142
346 -9.6142
347 -9.6142
348 -9.6142
349 -9.6142
350 -9.6142
351 -9.6142
352 -9.6142
353 -9.6142
354 -9.6142
355 -9.6142
356 -9.6142
357 -9.6142
358 -9.56559
359 -9.56559
360 -9.56559
361 -9.56559
362 -9.56559
363 -9.56559
364 -9.56559
365 -9.56559
366 -9.56559
367 -9.56559
368 -9.56559
369 -9.56559
370 -9.56559
371 -9.56559
372 -9.56559
373 -9.49182
374 -9.49182
375 -9.49182
376 -9.47924
377 -9.47924
378 -9.47924
379 -9.47924
380 -9.47924
381 -9.47924
382 -9.47924
383 -9.47924
384 -9.47924
385 -9.47924
386 -9.47924
387 -9.47924
388 -9.47924
389 -9.47924
390 -9.47924
391 -9.47924
392 -9.47924
393 -9.47924
394 -9.47924
395 -9.47924
396 -9.47924
397 -9.47924
398 -9.47924
399 -9.47924
400 -9.47924
401 -9.47924
402 -9.47924
403 -9.47924
404 -9.47924
405 -9.47924
406 -9.47924
407 -9.47924
408 -9.47924
409 -9.47924
410 -9.47924
411 -9.47924
412 -9.47924
413 -9.47924
414 -9.47924
415 -9.47924
416 -9.47924
417 -9.47924
418 -9.47924
419 -9.47924
420 -9.47924
421 -9.47924
422 -9.47924
423 -9.47924
424 -9.47924
425 -9.47924
426 -9.47924
427 -9.47924
428 -9.47924
429 -9.47924
430 -9.47924
431 -9.47924
432 -9.47924
433 -9.47924
434 -9.47924
435 -9.47924
436 -9.47924
437 -9.47924
438 -9.47924
439 -9.47924
440 -9.47924
441 -9.47924
442 -9.47924
443 -9.47924
444 -9.47924
445 -9.47924
446 -9.47924
447 -9.47924
448 -9.47924
449 -9.47924
450 -9.47924
451 -9.47924
452 -9.47924
453 -9.47924
454 -9.47924
455 -9.47924
456 -9.47924
457 -9.47924
458 -9.47924
459 -9.47924
460 -9.47924
461 -9.47924
462 -9.47924
463 -9.47924
464 -9.47924
465 -9.47924
466 -9.47924
467 -9.47924
468 -9.47924
469 -9.47924
470 -9.47924
471 -9.47924
472 -9.47924
473 -9.47924
474 -9.47924
475 -9.47924
476 -9.47924
477 -9.47924
478 -9.47924
479 -9.47924
480 -9.47924
481 -9.47924
482 -9.47924
483 -9.47924
484 -9.47924
485 -9.47924
486 -9.47924
487 -9.47924
488 -9.47924
489 -9.47924
490 -9.47924
491 -9.47924
492 -9.47924
493 -9.47924
494 -9.47532
495 -9.47532
496 -9.47532
497 -9.47532
498 -9.47532
499 -9.47532
500 -9.47532
501 -9.47532
502 -9.47532
503 -9.47532
504 -9.47532
505 -9.47532
506 -9.47532
507 -9.47532
508 -9.47532
509 -9.47532
510 -9.47532
511 -9.47532
512 -9.47532
513 -9.47532
514 -9.47532
515 -9.47532
516 -9.47532
517 -9.47532
518 -9.47532
519 -9.47532
520 -9.47532
521 -9.47532
522 -9.47532
523 -9.47532
524 -9.47532
525 -9.47532
526 -9.47532
527 -9.47532
528 -9.47532
529 -9.47532
530 -9.47532
531 -9.47532
532 -9.47532
533 -9.47532
534 -9.47532
535 -9.47532
536 -9.47532
537 -9.47532
538 -9.47532
539 -9.47532
540 -9.47532
541 -9.46384
542 -9.46384
543 -9.46384
544 -9.46384
545 -9.46384
546 -9.46384
547 -9.46384
548 -9.46384
549 -9.46384
550 -9.46384
551 -9.46384
552 -9.46384
553 -9.46384
554 -9.46384
555 -9.46384
556 -9.46384
557 -9.46384
558 -9.46384
559 -9.46384
560 -9.46384
561 -9.46384
562 -9.46384
563 -9.46384
564 -9.46384
565 -9.46384
566 -9.46384
567 -9.46384
568 -9.46384
569 -9.46384
570 -9.46384
571 -9.46384
572 -9.46384
573 -9.46384
574 -9.46384
575 -9.46384
576 -9.46384
577 -9.46384
578 -9.46384
579 -9.46384
580 -9.46384
581 -9.46384
582 -9.46384
583 -9.46384
584 -9.46384
585 -9.46384
586 -9.46384
587 -9.46384
588 -9.46384
589 -9.46384
590 -9.46384
591 -9.46384
592 -9.46384
593 -9.46384
594 -9.46384
595 -9.46384
596 -9.46384
597 -9.46384
598 -9.46384
599 -9.45426
600 -9.43998
601 -9.4303
602 -9.4303
603 -9.4303
604 -9.4303
605 -9.4303
606 -9.4303
607 -9.4303
608 -9.4303
609 -9.4303
610 -9.4303
611 -9.4303
612 -9.4303
613 -9.4303
614 -9.4303
615 -9.4303
616 -9.4303
617 -9.4303
618 -9.4303
619 -9.4303
620 -9.4303
621 -9.4303
622 -9.4303
623 -9.4303
624 -9.4303
625 -9.4303
626 -9.4303
627 -9.4303
628 -9.4303
629 -9.4303
630 -9.4303
631 -9.4303
632 -9.4303
633 -9.4303
634 -9.4303
635 -9.4303
636 -9.4303
637 -9.4303
638 -9.4303
639 -9.4303
640 -9.4303
641 -9.4303
642 -9.4303
643 -9.4303
644 -9.4303
645 -9.4303
646 -9.4303
647 -9.4303
648 -9.4303
649 -9.4303
650 -9.4303
651 -9.4303
652 -9.4303
653 -9.4303
654 -9.4303
655 -9.4303
656 -9.4303
657 -9.4303
658 -9.4303
659 -9.4303
660 -9.4303
661 -9.4303
662 -9.4303
663 -9.4303
664 -9.4303
665 -9.4303
666 -9.4303
667 -9.4303
668 -9.4303
669 -9.4303
670 -9.4303
671 -9.4303
672 -9.4303
673 -9.4303
674 -9.4303
675 -9.4303
676 -9.4303
677 -9.4303
678 -9.4303
679 -9.4303
680 -9.4303
681 -9.4303
682 -9.4303
683 -9.4303
684 -9.4303
685 -9.4303
686 -9.4303
687 -9.4303
688 -9.4303
689 -9.4303
690 -9.4303
691 -9.4303
692 -9.4303
693 -9.4303
694 -9.4303
695 -9.4303
696 -9.4303
697 -9.4303
698 -9.4303
699 -9.4303
700 -9.4303
701 -9.4303
702 -9.4303
703 -9.4303
704 -9.4303
705 -9.4303
706 -9.4303
707 -9.4303
708 -9.4303
709 -9.4303
710 -9.4303
711 -9.4303
712 -9.4303
713 -9.4303
714 -9.4303
715 -9.4303
716 -9.4303
717 -9.4303
718 -9.4303
719 -9.4303
720 -9.4303
721 -9.4303
722 -9.4303
723 -9.4303
724 -9.4303
725 -9.4303
726 -9.4303
727 -9.4303
728 -9.4303
729 -9.4303
730 -9.4303
731 -9.4303
732 -9.4303
733 -9.4303
734 -9.4303
735 -9.4303
736 -9.4303
737 -9.4303
738 -9.4303
739 -9.4303
740 -9.4303
741 -9.4303
742 -9.4303
743 -9.4303
744 -9.4303
745 -9.4303
746 -9.4303
747 -9.4303
748 -9.4303
749 -9.4303
750 -9.4303
751 -9.4303
752 -9.4303
753 -9.4303
754 -9.4303
755 -9.4303
756 -9.4303
757 -9.4303
758 -9.4303
759 -9.4303
760 -9.4303
761 -9.4303
762 -9.4303
763 -9.4303
764 -9.4303
765 -9.4303
766 -9.4303
767 -9.4303
768 -9.4303
769 -9.4303
770 -9.4303
771 -9.4303
772 -9.4303
773 -9.4303
774 -9.4303
775 -9.4303
776 -9.4303
777 -9.4303
778 -9.4303
779 -9.4303
780 -9.4303
781 -9.4303
782 -9.4303
783 -9.4303
784 -9.4303
785 -9.4303
786 -9.4303
787 -9.4303
788 -9.4303
789 -9.4303
790 -9.4303
791 -9.4303
792 -9.4303
793 -9.4303
794 -9.4303
795 -9.4303
796 -9.4303
797 -9.4303
798 -9.4303
799 -9.4303
800 -9.4303
801 -9.4303
802 -9.4303
803 -9.4303
804 -9.4303
805 -9.4303
806 -9.4303
807 -9.4303
808 -9.4303
809 -9.4303
810 -9.4303
811 -9.4303
812 -9.4303
813 -9.4303
814 -9.4303
815 -9.4303
816 -9.4303
817 -9.4303
818 -9.4303
819 -9.4303
820 -9.4303
821 -9.4303
822 -9.4303
823 -9.4303
824 -9.4303
825 -9.4303
826 -9.4303
827 -9.4303
828 -9.4303
829 -9.4303
830 -9.4303
831 -9.42618
832 -9.42618
833 -9.42618
834 -9.42618
835 -9.42618
836 -9.42618
837 -9.42618
838 -9.42618
839 -9.42618
840 -9.42618
841 -9.42618
842 -9.42618
843 -9.42618
844 -9.42618
845 -9.42618
846 -9.42618
847 -9.42618
848 -9.42618
849 -9.42618
850 -9.42618
851 -9.42618
852 -9.42618
853 -9.42618
854 -9.42618
855 -9.42618
856 -9.42618
857 -9.42618
858 -9.42618
859 -9.42618
860 -9.42618
861 -9.42618
862 -9.42618
863 -9.42618
864 -9.42618
865 -9.42618
866 -9.42618
867 -9.42618
868 -9.42618
869 -9.42618
870 -9.42618
871 -9.42618
872 -9.42618
873 -9.42618
874 -9.42618
875 -9.42618
876 -9.42618
877 -9.42618
878 -9.42618
879 -9.42618
880 -9.42618
881 -9.42618
882 -9.42618
883 -9.42618
884 -9.42618
885 -9.42618
886 -9.42618
887 -9.42618
888 -9.42618
889 -9.42618
890 -9.42618
891 -9.42618
892 -9.42618
893 -9.42618
894 -9.42618
895 -9.42618
896 -9.42618
897 -9.42618
898 -9.42618
899 -9.42618
900 -9.42618
901 -9.42618
902 -9.42618
903 -9.42618
904 -9.42618
905 -9.42618
906 -9.42618
907 -9.42618
908 -9.42618
909 -9.42618
910 -9.42618
911 -9.42618
912 -9.42618
913 -9.42618
914 -9.42618
915 -9.42618
916 -9.42618
917 -9.42618
918 -9.42618
919 -9.42618
920 -9.42618
921 -9.42618
922 -9.42618
923 -9.42618
924 -9.42618
925 -9.42618
926 -9.42618
927 -9.42618
928 -9.42618
929 -9.42618
930 -9.42618
931 -9.42618
932 -9.42618
933 -9.42618
934 -9.42618
935 -9.42618
936 -9.42618
937 -9.42618
938 -9.42618
939 -9.42618
940 -9.42618
941 -9.42618
942 -9.42618
943 -9.42618
944 -9.42618
945 -9.42618
946 -9.42618
947 -9.42618
948 -9.42618
949 -9.42618
950 -9.42618
951 -9.42618
952 -9.42618
953 -9.42618
954 -9.42618
955 -9.42618
956 -9.42618
957 -9.42618
958 -9.42618
959 -9.42568
960 -9.42568
961 -9.42568
962 -9.42568
963 -9.42568
964 -9.42568
965 -9.42568
966 -9.42568
967 -9.42568
968 -9.42568
969 -9.42568
970 -9.42568
971 -9.42568
972 -9.42568
973 -9.42568
974 -9.42568
975 -9.42568
976 -9.42568
977 -9.42568
978 -9.42568
979 -9.42568
980 -9.42568
981 -9.42568
982 -9.42568
983 -9.42568
984 -9.42568
985 -9.42568
986 -9.40978
987 -9.40978
988 -9.40978
989 -9.40978
990 -9.40978
991 -9.40978
992 -9.40978
993 -9.40978
994 -9.40978
995 -9.40978
996 -9.40978
997 -9.40978
998 -9.40978
999 -9.40978
