0 -3929.38
1 -3929.38
2 -3929.38
3 -3929.38
4 -3929.38
5 -3929.38
6 -3929.38
7 -3929.38
8 -3929.38
9 -3929.38
10 -3929.38
11 -3929.38
12 -3929.38
13 -3929.38
14 -3929.38
15 -3929.38
16 -3929.38
17 -3929.38
18 -3929.38
19 -3929.38
20 -3929.38
21 -3929.38
22 -3929.38
23 -3929.38
24 -3929.38
25 -3929.38
26 -3929.38
27 -3929.38
28 -3929.38
29 -3929.38
30 -3929.38
31 -3929.38
32 -3929.38
33 -3929.38
34 -3076.86
35 -3076.86
36 -3076.86
37 -3076.86
38 -3076.86
39 -3076.86
40 -3076.86
41 -3076.86
42 -3076.86
43 -3076.86
44 -3076.86
45 -3076.86
46 -3076.86
47 -3076.86
48 -2704.13
49 -2704.13
50 -2704.13
51 -2704.13
52 -2704.13
53 -2704.13
54 -2704.13
55 -2704.13
56 -1159.71
57 -1159.71
58 -1159.71
59 -1159.71
60 -1159.71
61 -1159.71
62 -1159.71
63 -977.16
64 -977.16
65 -977.16
66 -977.16
67 -977.16
68 -977.16
69 -977.16
70 -977.16
71 -977.16
72 -977.16
73 -977.16
74 -977.16
75 -977.16
76 -977.16
77 -977.16
78 -977.16
79 -977.16
80 -977.16
81 -977.16
82 -355.328
83 -355.328
84 -355.328
85 -355.328
86 -355.328
87 -355.328
88 -355.328
89 -355.328
90 -355.328
91 -355.328
92 -355.328
93 -355.328
94 -355.328
95 -355.328
96 -355.328
97 -355.328
98 -355.328
99 -355.328
100 -355.328
101 -355.328
102 -355.328
103 -355.328
104 -355.328
105 -355.328
106 -290.452
107 -290.452
108 -290.452
109 -290.452
110 -290.452
111 -290.452
112 -290.452
113 -290.452
114 -290.452
115 -290.452
116 -290.452
117 -290.452
118 -290.452
119 -290.452
120 -290.452
121 -290.452
122 -290.452
123 -290.452
124 -290.452
125 -290.452
126 -290.452
127 -290.452
128 -290.452
129 -103.6
130 -103.6
131 -103.6
132 -103.6
133 -103.6
134 -103.6
135 -103.6
136 -103.6
137 -103.6
138 -103.6
139 -103.6
140 -82.0316
141 -62.9398
142 -62.9398
143 -62.9398
144 -62.9398
145 -62.9398
146 -62.9398
147 -62.9398
148 -62.9398
149 -62.9398
150 -62.9398
151 -62.9398
152 -62.9398
153 -62.9398
154 -62.9398
155 -62.9398
156 -62.9398
157 -62.9398
158 -62.9398
159 -62.9398
160 -62.9398
161 -42.6039
162 -42.6039
163 -42.6039
164 -42.6039
165 -42.6039
166 -42.6039
167 -42.6039
168 -42.6039
169 -23.8133
170 -23.8133
171 -23.8133
172 -23.8133
173 -23.8133
174 -23.8133
175 -23.8133
176 -23.8133
177 -23.8133
178 -23.8133
179 -23.8133
180 -23.8133
181 -23.8133
182 -23.8133
183 -23.8133
184 -23.8133
185 -23.8133
186 -23.8133
187 -23.8133
188 -23.8133
189 -23.8133
190 -23.8133
191 -23.8133
192 -19.777
193 -19.777
194 -19.777
195 -19.777
196 -19.777
197 -19.777
198 -19.777
199 -19.777
200 -19.777
201 -19.777
202 -19.777
203 -19.777
204 -19.777
205 -16.8462
206 -16.8462
207 -16.8462
208 -16.8462
209 -16.8462
210 -16.8462
211 -16.8462
212 -16.8462
213 -16.8462
214 -16.8462
215 -16.8462
216 -16.8462
217 -16.8462
218 -16.8462
219 -16.8462
220 -16.8462
221 -16.8462
222 -16.8462
223 -16.8462
224 -16.8462
225 -16.8462
226 -16.8462
227 -16.8462
228 -16.8462
229 -16.8462
230 -16.8462
231 -16.8462
232 -16.8462
233 -16.8462
234 -16.8462
235 -14.6085
236 -14.2806
237 -14.2806
238 -14.2806
239 -14.2806
240 -14.2806
241 -14.2806
242 -14.2806
243 -14.2806
244 -14.2806
245 -14.2806
246 -14.2806
247 -14.2806
248 -14.2806
249 -14.2806
250 -14.2806
251 -14.0825
252 -14.0825
253 -13.8664
254 -13.8664
255 -13.8664
256 -13.8664
257 -13.8664
258 -13.8664
259 -13.8664
260 -13.8664
261 -13.8664
262 -13.8664
263 -13.8664
264 -13.8664
265 -12.8713
266 -12.8713
267 -12.4524
268 -12.4393
269 -12.4393
270 -12.4393
271 -11.3948
272 -11.3948
273 -11.3948
274 -11.1777
275 -11.1777
276 -11.1777
277 -11.1777
278 -10.2757
279 -10.2757
280 -10.2757
281 -10.2757
282 -10.2757
283 -10.2757
284 -10.2757
285 -10.2757
286 -10.2757
287 -10.2757
288 -10.2757
289 -10.2757
290 -10.1094
291 -10.1094
292 -10.1094
293 -10.1094
294 -10.1094
295 -10.1094
296 -9.76415
297 -9.76415
298 -9.76415
299 -9.76415
300 -9.76415
301 -9.76415
302 -9.65476
303 -9.65476
304 -9.65476
305 -9.65476
306 -9.65476
307 -9.65476
308 -9.65476
309 -9.65476
310 -9.65476
311 -9.65476
312 -9.65476
313 -9.65476
314 -9.65476
315 -9.65476
316 -9.65476
317 -9.65476
318 -9.65476
319 -9.65476
320 -9.65476
321 -9.65476
322 -9.65476
323 -9.65476
324 -9.65476
325 -9.65476
326 -9.65476
327 -9.65476
328 -9.65476
329 -9.65476
330 -9.65476
331 -9.65476
332 -9.65476
333 -9.65476
334 -9.65476
335 -9.65476
336 -9.65476
337 -9.65476
338 -9.65476
339 -9.65476
340 -9.65476
341 -9.65476
342 -9.65476
343 -9.65476
344 -9.65476
345 -9.65476
346 -9.65476
347 -9.65476
348 -9.65476
349 -9.65476
350 -9.63489
351 -9.63489
352 -9.63489
353 -9.63489
354 -9.63489
355 -9.63489
356 -9.63489
357 -9.63489
358 -9.59052
359 -9.59052
360 -9.59052
361 -9.59052
362 -9.59052
363 -9.59052
364 -9.59052
365 -9.59052
366 -9.59052
367 -9.59052
368 -9.59052
369 -9.59052
370 -9.59052
371 -9.59052
372 -9.59052
373 -9.59052
374 -9.59052
375 -9.55049
376 -9.55049
377 -9.54664
378 -9.54664
379 -9.54664
380 -9.54664
381 -9.54664
382 -9.54664
383 -9.54664
384 -9.5131
385 -9.5131
386 -9.5131
387 -9.5131
388 -9.5131
389 -9.5131
390 -9.5131
391 -9.5131
392 -9.5131
393 -9.5131
394 -9.5131
395 -9.5131
396 -9.5131
397 -9.5131
398 -9.5131
399 -9.5131
400 -9.5131
401 -9.5131
402 -9.5131
403 -9.5131
404 -9.5131
405 -9.49952
406 -9.49952
407 -9.49952
408 -9.49952
409 -9.49952
410 -9.49952
411 -9.49952
412 -9.49952
413 -9.49952
414 -9.49952
415 -9.49952
416 -9.49952
417 -9.49952
418 -9.49952
419 -9.49952
420 -9.49952
421 -9.49952
422 -9.49952
423 -9.49952
424 -9.49952
425 -9.49952
426 -9.49952
427 -9.49952
428 -9.49952
429 -9.49952
430 -9.49952
431 -9.49952
432 -9.49952
433 -9.49952
434 -9.49952
435 -9.49952
436 -9.49952
437 -9.49952
438 -9.49952
439 -9.49952
440 -9.49952
441 -9.49952
442 -9.49952
443 -9.49952
444 -9.49952
445 -9.49952
446 -9.49952
447 -9.49952
448 -9.49952
449 -9.49952
450 -9.49952
451 -9.49952
452 -9.49952
453 -9.49952
454 -9.49952
455 -9.49952
456 -9.49952
457 -9.49952
458 -9.49952
459 -9.49952
460 -9.49952
461 -9.49952
462 -9.49952
463 -9.49952
464 -9.49089
465 -9.49089
466 -9.49089
467 -9.49089
468 -9.49089
469 -9.49089
470 -9.49089
471 -9.49089
472 -9.49089
473 -9.49089
474 -9.49089
475 -9.49089
476 -9.49089
477 -9.49089
478 -9.49089
479 -9.49089
480 -9.49089
481 -9.49089
482 -9.49089
483 -9.49089
484 -9.49089
485 -9.49089
486 -9.49089
487 -9.49089
488 -9.49089
489 -9.49089
490 -9.49089
491 -9.49089
492 -9.49089
493 -9.49089
494 -9.49089
495 -9.49089
496 -9.49089
497 -9.49089
498 -9.49089
499 -9.49089
500 -9.49089
501 -9.49089
502 -9.49089
503 -9.49089
504 -9.49089
505 -9.49089
506 -9.49089
507 -9.49089
508 -9.49089
509 -9.49089
510 -9.49089
511 -9.49089
512 -9.49089
513 -9.49089
514 -9.49089
515 -9.49089
516 -9.49089
517 -9.49089
518 -9.49089
519 -9.49089
520 -9.49089
521 -9.49089
522 -9.49089
523 -9.49089
524 -9.49089
525 -9.48897
526 -9.48897
527 -9.48897
528 -9.48897
529 -9.48897
530 -9.48897
531 -9.48897
532 -9.48897
533 -9.48897
534 -9.48897
535 -9.48897
536 -9.48897
537 -9.48897
538 -9.48897
539 -9.48897
540 -9.48897
541 -9.48897
542 -9.48897
543 -9.48897
544 -9.48897
545 -9.48897
546 -9.46313
547 -9.46313
548 -9.46313
549 -9.46313
550 -9.46313
551 -9.46313
552 -9.46313
553 -9.46313
554 -9.46313
555 -9.46313
556 -9.46313
557 -9.46313
558 -9.46313
559 -9.46313
560 -9.45184
561 -9.45184
562 -9.45184
563 -9.45184
564 -9.45184
565 -9.45184
566 -9.45184
567 -9.45184
568 -9.45184
569 -9.45184
570 -9.45184
571 -9.45184
572 -9.45184
573 -9.45184
574 -9.45184
575 -9.45184
576 -9.45184
577 -9.45184
578 -9.45184
579 -9.45184
580 -9.45184
581 -9.45184
582 -9.45184
583 -9.45184
584 -9.45184
585 -9.45184
586 -9.45184
587 -9.45184
588 -9.45184
589 -9.45184
590 -9.45184
591 -9.45184
592 -9.45184
593 -9.45184
594 -9.45184
595 -9.45184
596 -9.45184
597 -9.45184
598 -9.45184
599 -9.45184
600 -9.45184
601 -9.45184
602 -9.45184
603 -9.45184
604 -9.45184
605 -9.45184
606 -9.45184
607 -9.45184
608 -9.45184
609 -9.45184
610 -9.45184
611 -9.45184
612 -9.45184
613 -9.45184
614 -9.45184
615 -9.45184
616 -9.45184
617 -9.45184
618 -9.45184
619 -9.45184
620 -9.45184
621 -9.45184
622 -9.45184
623 -9.45184
624 -9.45184
625 -9.45184
626 -9.45184
627 -9.45184
628 -9.45184
629 -9.45184
630 -9.45184
631 -9.44316
632 -9.44316
633 -9.44316
634 -9.44316
635 -9.44316
636 -9.44316
637 -9.44316
638 -9.44316
639 -9.44316
640 -9.44316
641 -9.44316
642 -9.44316
643 -9.44316
644 -9.44316
645 -9.44316
646 -9.44316
647 -9.44316
648 -9.44316
649 -9.44316
650 -9.44316
651 -9.44316
652 -9.44316
653 -9.44316
654 -9.44316
655 -9.44316
656 -9.44316
657 -9.44316
658 -9.44316
659 -9.44316
660 -9.44316
661 -9.44316
662 -9.44316
663 -9.44316
664 -9.44316
665 -9.44316
666 -9.44316
667 -9.44316
668 -9.44316
669 -9.44316
670 -9.44316
671 -9.44316
672 -9.44316
673 -9.44316
674 -9.43271
675 -9.43271
676 -9.43271
677 -9.43271
678 -9.43271
679 -9.43271
680 -9.43271
681 -9.43271
682 -9.43271
683 -9.43271
684 -9.43271
685 -9.43027
686 -9.43027
687 -9.43027
688 -9.43027
689 -9.42876
690 -9.42876
691 -9.42876
692 -9.42876
693 -9.42876
694 -9.42876
695 -9.42876
696 -9.42876
697 -9.42876
698 -9.42876
699 -9.42876
700 -9.42876
701 -9.42876
702 -9.42876
703 -9.42876
704 -9.42876
705 -9.42876
706 -9.42876
707 -9.42876
708 -9.42876
709 -9.42876
710 -9.42876
711 -9.42876
712 -9.42876
713 -9.42876
714 -9.42876
715 -9.42876
716 -9.42876
717 -9.42876
718 -9.42876
719 -9.42876
720 -9.42876
721 -9.42876
722 -9.42876
723 -9.42876
724 -9.42876
725 -9.42876
726 -9.42876
727 -9.42876
728 -9.42876
729 -9.42876
730 -9.42876
731 -9.42876
732 -9.42876
733 -9.42876
734 -9.42876
735 -9.42876
736 -9.42876
737 -9.42876
738 -9.42876
739 -9.42876
740 -9.42876
741 -9.42876
742 -9.42876
743 -9.42876
744 -9.42876
745 -9.42876
746 -9.42876
747 -9.42876
748 -9.42876
749 -9.42876
750 -9.42876
751 -9.42876
752 -9.42876
753 -9.42876
754 -9.42876
755 -9.42876
756 -9.42876
757 -9.42876
758 -9.42876
759 -9.42876
760 -9.42876
761 -9.42876
762 -9.42876
763 -9.42876
764 -9.41991
765 -9.41991
766 -9.41991
767 -9.41991
768 -9.41991
769 -9.41991
770 -9.41991
771 -9.41991
772 -9.41991
773 -9.41991
774 -9.41991
775 -9.41991
776 -9.41991
777 -9.41991
778 -9.41991
779 -9.41991
780 -9.41991
781 -9.41991
782 -9.41991
783 -9.41991
784 -9.41991
785 -9.41991
786 -9.41991
787 -9.41991
788 -9.41991
789 -9.41991
790 -9.41991
791 -9.41991
792 -9.41991
793 -9.41991
794 -9.41991
795 -9.41991
796 -9.41991
797 -9.41991
798 -9.41991
799 -9.41991
800 -9.41991
801 -9.41991
802 -9.41991
803 -9.41991
804 -9.41991
805 -9.41991
806 -9.41991
807 -9.41991
808 -9.41991
809 -9.41991
810 -9.41991
811 -9.41991
812 -9.41991
813 -9.41991
814 -9.41991
815 -9.41991
816 -9.41991
817 -9.41991
818 -9.41991
819 -9.41991
820 -9.41991
821 -9.41991
822 -9.41991
823 -9.41991
824 -9.41991
825 -9.41991
826 -9.41991
827 -9.41991
828 -9.41991
829 -9.41991
830 -9.41991
831 -9.41991
832 -9.41991
833 -9.41991
834 -9.41991
835 -9.41991
836 -9.41991
837 -9.41991
838 -9.41991
839 -9.41991
840 -9.41991
841 -9.41991
842 -9.41991
843 -9.41991
844 -9.41991
845 -9.41991
846 -9.41991
847 -9.41991
848 -9.41991
849 -9.41991
850 -9.41991
851 -9.41991
852 -9.41991
853 -9.41991
854 -9.41991
855 -9.41991
856 -9.41991
857 -9.41991
858 -9.41991
859 -9.41991
860 -9.41991
861 -9.41991
862 -9.41991
863 -9.41991
864 -9.41991
865 -9.41991
866 -9.41991
867 -9.41991
868 -9.41991
869 -9.41991
870 -9.41991
871 -9.41991
872 -9.41991
873 -9.41991
874 -9.41991
875 -9.41991
876 -9.41991
877 -9.41991
878 -9.41991
879 -9.41991
880 -9.41991
881 -9.41991
882 -9.41991
883 -9.41991
884 -9.41991
885 -9.41991
886 -9.41991
887 -9.41991
888 -9.41991
889 -9.41991
890 -9.41991
891 -9.41991
892 -9.41991
893 -9.41991
894 -9.41991
895 -9.41991
896 -9.41991
897 -9.41991
898 -9.41991
899 -9.41991
900 -9.41991
901 -9.41991
902 -9.41991
903 -9.41991
904 -9.41991
905 -9.41991
906 -9.41991
907 -9.41991
908 -9.41991
909 -9.41991
910 -9.41991
911 -9.41991
912 -9.41649
913 -9.41649
914 -9.41649
915 -9.41649
916 -9.41649
917 -9.41649
918 -9.41649
919 -9.41649
920 -9.41649
921 -9.41649
922 -9.41649
923 -9.41649
924 -9.41649
925 -9.41649
926 -9.41649
927 -9.41649
928 -9.41649
929 -9.41649
930 -9.41649
931 -9.41649
932 -9.41649
933 -9.41649
934 -9.41649
935 -9.41649
936 -9.41649
937 -9.41649
938 -9.41649
939 -9.41649
940 -9.41649
941 -9.41649
942 -9.41649
943 -9.41649
944 -9.41649
945 -9.41649
946 -9.41649
947 -9.41649
948 -9.41649
949 -9.41649
950 -9.41649
951 -9.41649
952 -9.41649
953 -9.41649
954 -9.41649
955 -9.41649
956 -9.41649
957 -9.41649
958 -9.41649
959 -9.41649
960 -9.41649
961 -9.41649
962 -9.41649
963 -9.41649
964 -9.41649
965 -9.41649
966 -9.41649
967 -9.41649
968 -9.41649
969 -9.41649
970 -9.41649
971 -9.41649
972 -9.41649
973 -9.41649
974 -9.41649
975 -9.41649
976 -9.41649
977 -9.41649
978 -9.41649
979 -9.41649
980 -9.41649
981 -9.41649
982 -9.41649
983 -9.41649
984 -9.41649
985 -9.41649
986 -9.41649
987 -9.41649
988 -9.41649
989 -9.41649
990 -9.41649
991 -9.4152
992 -9.4152
993 -9.4152
994 -9.4152
995 -9.4152
996 -9.4152
997 -9.4152
998 -9.4152
999 -9.4152
