0 -2254.09
1 -2254.09
2 -2254.09
3 -2254.09
4 -2254.09
5 -2254.09
6 -2254.09
7 -2254.09
8 -2254.09
9 -2254.09
10 -2254.09
11 -2254.09
12 -2254.09
13 -2254.09
14 -2254.09
15 -2254.09
16 -2254.09
17 -2254.09
18 -2254.09
19 -2254.09
20 -2254.09
21 -2254.09
22 -2254.09
23 -2254.09
24 -2254.09
25 -2254.09
26 -2254.09
27 -2254.09
28 -2254.09
29 -2254.09
30 -2254.09
31 -2254.09
32 -2254.09
33 -2254.09
34 -2254.09
35 -2254.09
36 -2254.09
37 -2254.09
38 -2254.09
39 -2254.09
40 -2254.09
41 -2254.09
42 -2254.09
43 -2254.09
44 -2254.09
45 -2254.09
46 -2254.09
47 -2254.09
48 -2254.09
49 -2254.09
50 -2254.09
51 -2254.09
52 -2254.09
53 -2254.09
54 -2254.09
55 -2254.09
56 -2254.09
57 -2254.09
58 -2254.09
59 -2254.09
60 -2254.09
61 -2254.09
62 -2254.09
63 -2254.09
64 -2254.09
65 -2254.09
66 -2254.09
67 -2254.09
68 -2254.09
69 -2254.09
70 -2254.09
71 -2254.09
72 -2254.09
73 -2254.09
74 -2254.09
75 -2254.09
76 -2254.09
77 -2254.09
78 -2254.09
79 -2254.09
80 -2254.09
81 -2254.09
82 -2254.09
83 -2254.09
84 -2254.09
85 -2254.09
86 -2254.09
87 -2254.09
88 -2254.09
89 -2254.09
90 -2254.09
91 -2254.09
92 -2254.09
93 -2254.09
94 -2254.09
95 -2254.09
96 -2153.28
97 -2153.28
98 -2153.28
99 -2153.28
100 -2153.28
101 -2153.28
102 -2153.28
103 -2153.28
104 -2153.28
105 -2153.28
106 -2153.28
107 -2153.28
108 -2153.28
109 -2153.28
110 -2153.28
111 -2153.28
112 -2153.28
113 -2153.28
114 -2153.28
115 -2153.28
116 -2153.28
117 -2153.28
118 -2153.28
119 -2153.28
120 -2153.28
121 -2153.28
122 -2153.28
123 -1427.78
124 -1427.78
125 -1427.78
126 -1427.78
127 -1427.78
128 -1427.78
129 -1427.78
130 -1427.78
131 -1427.78
132 -1427.78
133 -1427.78
134 -1427.78
135 -1427.78
136 -1427.78
137 -1427.78
138 -1427.78
139 -1427.78
140 -1427.78
141 -1427.78
142 -1427.78
143 -1427.78
144 -1427.78
145 -1427.78
146 -1427.78
147 -1427.78
148 -1427.78
149 -1427.78
150 -1427.78
151 -1427.78
152 -1427.78
153 -1427.78
154 -1427.78
155 -1067.39
156 -1067.39
157 -1067.39
158 -1067.39
159 -1067.39
160 -1067.39
161 -1067.39
162 -1067.39
163 -1067.39
164 -1067.39
165 -1067.39
166 -1067.39
167 -1067.39
168 -1067.39
169 -1067.39
170 -1067.39
171 -1067.39
172 -1067.39
173 -1067.39
174 -1067.39
175 -1067.39
176 -1067.39
177 -1067.39
178 -1067.39
179 -1067.39
180 -1067.39
181 -1067.39
182 -1067.39
183 -1067.39
184 -1058.55
185 -1050.93
186 -1050.93
187 -1050.93
188 -1050.93
189 -1050.93
190 -904.456
191 -904.456
192 -904.456
193 -748.291
194 -576.476
195 -576.476
196 -576.476
197 -576.476
198 -576.476
199 -576.476
200 -576.476
201 -576.476
202 -576.476
203 -576.476
204 -576.476
205 -576.476
206 -576.476
207 -576.476
208 -576.476
209 -576.476
210 -576.476
211 -576.476
212 -576.476
213 -576.476
214 -425.901
215 -425.901
216 -425.901
217 -425.901
218 -425.901
219 -349.516
220 -349.516
221 -349.516
222 -349.516
223 -349.516
224 -349.516
225 -216.251
226 -216.251
227 -216.251
228 -216.251
229 -216.251
230 -216.251
231 -216.251
232 -216.251
233 -216.251
234 -216.251
235 -216.251
236 -216.251
237 -216.251
238 -216.251
239 -216.251
240 -216.251
241 -216.251
242 -216.251
243 -216.251
244 -216.251
245 -216.251
246 -216.251
247 -216.251
248 -216.251
249 -216.251
250 -216.251
251 -216.251
252 -216.251
253 -216.251
254 -216.251
255 -216.251
256 -216.251
257 -216.251
258 -216.251
259 -216.251
260 -216.251
261 -216.251
262 -216.251
263 -216.251
264 -216.251
265 -216.251
266 -216.251
267 -216.251
268 -216.251
269 -216.251
270 -216.251
271 -216.251
272 -216.251
273 -216.251
274 -191.406
275 -191.406
276 -191.406
277 -191.406
278 -181.048
279 -174.11
280 -174.11
281 -174.11
282 -174.11
283 -174.11
284 -174.11
285 -174.11
286 -174.11
287 -99.5465
288 -99.5465
289 -99.5465
290 -99.5465
291 -99.5465
292 -99.5465
293 -99.5465
294 -99.5465
295 -99.5465
296 -99.5465
297 -99.5465
298 -99.5465
299 -99.5465
300 -99.5465
301 -99.5465
302 -99.5465
303 -99.5465
304 -99.5465
305 -99.5465
306 -99.5465
307 -66.5614
308 -66.5614
309 -66.5614
310 -66.5614
311 -66.5614
312 -66.5614
313 -66.5614
314 -32.6268
315 -32.6268
316 -32.6268
317 -32.6268
318 -32.6268
319 -32.6268
320 -32.6268
321 -32.6268
322 -32.6268
323 -32.6268
324 -32.6268
325 -32.6268
326 -32.6268
327 -32.6268
328 -32.6268
329 -32.6268
330 -32.6268
331 -32.6268
332 -32.6268
333 -32.6268
334 -32.6268
335 -32.6268
336 -32.6268
337 -32.6268
338 -32.6268
339 -32.6268
340 -32.6268
341 -32.6268
342 -32.6268
343 -32.6268
344 -32.6268
345 -32.6268
346 -32.6268
347 -32.6268
348 -32.6268
349 -32.6268
350 -32.6268
351 -32.6268
352 -32.6268
353 -32.6268
354 -32.6268
355 -32.6268
356 -32.6268
357 -32.6268
358 -32.6268
359 -32.6268
360 -32.6268
361 -32.6268
362 -32.6268
363 -32.6268
364 -32.6268
365 -32.6268
366 -32.6268
367 -32.6268
368 -32.6268
369 -32.6268
370 -32.6268
371 -32.6268
372 -32.6268
373 -32.6268
374 -32.6268
375 -32.6268
376 -32.6268
377 -32.6268
378 -32.6268
379 -32.6268
380 -32.6268
381 -32.6268
382 -32.6268
383 -32.6268
384 -32.6268
385 -32.6268
386 -32.6268
387 -32.6268
388 -32.6268
389 -32.6268
390 -32.6268
391 -32.6268
392 -32.6268
393 -32.6268
394 -32.6268
395 -32.6268
396 -32.6268
397 -32.6268
398 -32.6268
399 -32.6268
400 -32.6268
401 -32.6268
402 -32.6268
403 -32.6268
404 -32.6268
405 -32.6268
406 -32.6268
407 -30.8673
408 -30.8673
409 -30.8673
410 -30.8673
411 -30.8673
412 -30.8673
413 -30.8673
414 -30.8673
415 -30.8673
416 -27.1155
417 -27.1155
418 -27.1155
419 -27.1155
420 -13.6306
421 -10.5716
422 -10.5716
423 -10.5716
424 -10.5716
425 -10.5716
426 -10.5716
427 -10.5716
428 -10.5716
429 -10.5716
430 -10.5716
431 -10.5716
432 -10.5716
433 -10.5716
434 -10.5716
435 -10.5716
436 -10.5716
437 -10.5716
438 -10.5716
439 -10.5716
440 -10.5716
441 -10.5716
442 -10.5716
443 -10.5716
444 -10.5716
445 -10.5716
446 -10.5716
447 -10.5716
448 -10.5716
449 -10.5716
450 -10.5716
451 -10.5716
452 -10.5716
453 -10.5716
454 -10.5716
455 -10.5716
456 -10.5716
457 -10.5716
458 -10.5716
459 -10.5716
460 -10.5716
461 -10.5716
462 -10.5716
463 -10.5716
464 -10.5716
465 -10.5716
466 -10.5716
467 -10.5716
468 -10.5716
469 -10.5716
470 -10.5716
471 -10.5716
472 -10.5716
473 -10.5716
474 -10.5716
475 -10.5716
476 -10.5716
477 -10.5716
478 -10.5716
479 -9.84877
480 -9.84877
481 -9.84877
482 -9.84877
483 -9.84877
484 -9.84877
485 -9.84877
486 -9.84877
487 -9.84877
488 -9.84877
489 -9.84877
490 -9.84877
491 -9.84877
492 -9.84877
493 -9.84877
494 -9.84877
495 -9.84877
496 -9.84877
497 -9.84877
498 -9.60445
499 -9.60321
500 -9.60321
501 -9.60321
502 -9.60321
503 -9.60321
504 -9.60321
505 -9.60321
506 -9.60321
507 -9.60321
508 -9.60321
509 -9.60321
510 -9.60321
511 -9.60321
512 -9.60321
513 -9.60321
514 -9.60321
515 -9.60321
516 -9.60321
517 -9.60321
518 -9.60321
519 -9.60321
520 -9.60321
521 -9.60321
522 -9.60321
523 -9.60321
524 -9.60321
525 -9.60321
526 -9.60321
527 -9.60321
528 -9.60321
529 -9.60321
530 -9.60321
531 -9.60321
532 -9.60321
533 -9.60321
534 -9.60321
535 -9.60321
536 -9.60321
537 -9.60321
538 -9.60321
539 -9.60321
540 -9.60321
541 -9.60321
542 -9.55588
543 -9.55588
544 -9.55588
545 -9.55588
546 -9.55588
547 -9.55588
548 -9.55588
549 -9.55588
550 -9.55588
551 -9.55588
552 -9.55588
553 -9.55588
554 -9.55588
555 -9.55588
556 -9.52254
557 -9.52254
558 -9.52254
559 -9.52254
560 -9.52254
561 -9.52254
562 -9.52254
563 -9.52254
564 -9.52254
565 -9.52254
566 -9.52254
567 -9.52254
568 -9.52254
569 -9.52254
570 -9.52254
571 -9.52254
572 -9.52254
573 -9.52254
574 -9.52254
575 -9.52254
576 -9.52254
577 -9.52254
578 -9.52254
579 -9.52254
580 -9.52254
581 -9.52254
582 -9.52254
583 -9.52254
584 -9.52254
585 -9.52254
586 -9.52254
587 -9.52254
588 -9.52254
589 -9.52254
590 -9.52254
591 -9.52254
592 -9.52254
593 -9.52254
594 -9.52254
595 -9.52254
596 -9.52254
597 -9.52254
598 -9.52254
599 -9.52254
600 -9.52254
601 -9.52254
602 -9.52254
603 -9.52254
604 -9.52254
605 -9.52254
606 -9.52254
607 -9.52254
608 -9.52254
609 -9.52254
610 -9.52254
611 -9.52254
612 -9.52254
613 -9.52254
614 -9.52254
615 -9.52254
616 -9.52254
617 -9.52254
618 -9.52254
619 -9.52254
620 -9.52254
621 -9.52254
622 -9.52254
623 -9.52254
624 -9.52254
625 -9.52254
626 -9.52254
627 -9.52254
628 -9.52254
629 -9.52254
630 -9.52254
631 -9.52254
632 -9.52254
633 -9.52254
634 -9.52254
635 -9.52254
636 -9.52254
637 -9.52254
638 -9.52254
639 -9.52254
640 -9.52254
641 -9.52254
642 -9.52254
643 -9.52254
644 -9.52254
645 -9.52254
646 -9.52254
647 -9.52254
648 -9.52254
649 -9.52254
650 -9.52254
651 -9.52254
652 -9.52254
653 -9.52254
654 -9.52254
655 -9.52254
656 -9.52254
657 -9.52254
658 -9.52254
659 -9.52254
660 -9.52254
661 -9.52254
662 -9.52254
663 -9.52254
664 -9.52254
665 -9.52254
666 -9.52254
667 -9.52254
668 -9.52254
669 -9.52254
670 -9.52254
671 -9.52254
672 -9.52254
673 -9.52254
674 -9.52254
675 -9.52254
676 -9.52254
677 -9.52254
678 -9.52254
679 -9.52254
680 -9.52254
681 -9.52254
682 -9.52254
683 -9.52254
684 -9.52254
685 -9.52254
686 -9.52254
687 -9.52254
688 -9.52254
689 -9.52254
690 -9.52254
691 -9.52254
692 -9.52254
693 -9.52254
694 -9.52254
695 -9.52254
696 -9.52254
697 -9.52254
698 -9.52254
699 -9.52254
700 -9.52254
701 -9.52254
702 -9.51534
703 -9.51534
704 -9.51534
705 -9.51534
706 -9.51534
707 -9.51534
708 -9.51534
709 -9.51534
710 -9.51534
711 -9.51534
712 -9.50762
713 -9.50762
714 -9.50762
715 -9.50762
716 -9.50762
717 -9.50762
718 -9.50762
719 -9.50762
720 -9.50762
721 -9.50762
722 -9.50762
723 -9.50762
724 -9.50762
725 -9.50762
726 -9.50762
727 -9.50762
728 -9.4947
729 -9.4947
730 -9.4947
731 -9.4947
732 -9.4947
733 -9.4947
734 -9.4947
735 -9.4947
736 -9.4947
737 -9.4947
738 -9.4947
739 -9.44277
740 -9.44277
741 -9.44277
742 -9.44277
743 -9.44277
744 -9.44277
745 -9.44277
746 -9.44277
747 -9.44277
748 -9.44277
749 -9.44277
750 -9.44277
751 -9.44277
752 -9.44277
753 -9.44277
754 -9.44277
755 -9.44277
756 -9.44277
757 -9.44277
758 -9.44277
759 -9.44277
760 -9.44277
761 -9.44277
762 -9.44277
763 -9.44277
764 -9.44277
765 -9.44277
766 -9.44277
767 -9.44277
768 -9.44277
769 -9.44277
770 -9.44277
771 -9.44277
772 -9.44277
773 -9.44277
774 -9.44277
775 -9.44277
776 -9.44277
777 -9.44277
778 -9.44277
779 -9.44277
780 -9.44277
781 -9.44277
782 -9.44277
783 -9.44277
784 -9.44277
785 -9.44277
786 -9.44277
787 -9.44277
788 -9.44277
789 -9.44277
790 -9.44277
791 -9.44277
792 -9.44277
793 -9.44277
794 -9.44277
795 -9.44277
796 -9.44277
797 -9.44277
798 -9.44277
799 -9.44277
800 -9.44277
801 -9.44277
802 -9.44277
803 -9.44277
804 -9.44277
805 -9.44277
806 -9.44277
807 -9.44277
808 -9.44277
809 -9.44277
810 -9.44277
811 -9.44277
812 -9.44277
813 -9.44277
814 -9.44277
815 -9.44277
816 -9.44277
817 -9.44277
818 -9.44277
819 -9.44277
820 -9.44277
821 -9.44277
822 -9.44277
823 -9.44277
824 -9.44277
825 -9.44277
826 -9.44277
827 -9.44277
828 -9.44277
829 -9.44277
830 -9.44277
831 -9.44277
832 -9.44277
833 -9.44277
834 -9.44277
835 -9.44277
836 -9.44277
837 -9.44277
838 -9.44277
839 -9.44277
840 -9.44277
841 -9.44277
842 -9.44277
843 -9.44277
844 -9.44277
845 -9.44277
846 -9.44277
847 -9.44277
848 -9.44277
849 -9.44277
850 -9.44277
851 -9.44277
852 -9.44277
853 -9.44277
854 -9.44277
855 -9.44277
856 -9.44277
857 -9.44277
858 -9.44277
859 -9.44277
860 -9.44277
861 -9.44277
862 -9.44277
863 -9.44277
864 -9.44277
865 -9.44277
866 -9.44277
867 -9.44277
868 -9.44277
869 -9.44277
870 -9.44277
871 -9.44277
872 -9.44277
873 -9.44277
874 -9.44277
875 -9.44277
876 -9.44277
877 -9.44277
878 -9.44277
879 -9.44277
880 -9.44277
881 -9.44277
882 -9.44277
883 -9.44277
884 -9.44277
885 -9.44277
886 -9.44277
887 -9.44277
888 -9.44277
889 -9.44277
890 -9.44277
891 -9.44277
892 -9.44277
893 -9.44277
894 -9.44277
895 -9.44277
896 -9.44277
897 -9.44277
898 -9.44277
899 -9.44277
900 -9.44277
901 -9.44277
902 -9.44277
903 -9.44277
904 -9.44277
905 -9.44277
906 -9.44277
907 -9.44277
908 -9.44277
909 -9.44277
910 -9.44277
911 -9.44277
912 -9.44277
913 -9.44277
914 -9.44277
915 -9.44277
916 -9.44277
917 -9.44277
918 -9.44277
919 -9.44277
920 -9.44277
921 -9.44277
922 -9.44277
923 -9.44277
924 -9.44277
925 -9.44277
926 -9.44277
927 -9.44277
928 -9.44277
929 -9.44277
930 -9.44277
931 -9.44277
932 -9.44277
933 -9.44277
934 -9.44277
935 -9.44277
936 -9.44277
937 -9.44277
938 -9.44277
939 -9.44277
940 -9.44277
941 -9.44277
942 -9.44277
943 -9.44277
944 -9.44277
945 -9.42213
946 -9.42213
947 -9.42213
948 -9.42213
949 -9.42213
950 -9.42213
951 -9.42213
952 -9.42213
953 -9.42213
954 -9.42213
955 -9.42213
956 -9.42213
957 -9.42213
958 -9.42213
959 -9.42213
960 -9.42213
961 -9.42213
962 -9.42213
963 -9.42213
964 -9.42213
965 -9.42213
966 -9.42213
967 -9.42213
968 -9.42213
969 -9.42213
970 -9.42213
971 -9.42213
972 -9.42213
973 -9.42213
974 -9.42213
975 -9.42213
976 -9.42213
977 -9.42213
978 -9.42213
979 -9.42213
980 -9.42213
981 -9.42213
982 -9.42213
983 -9.42213
984 -9.42213
985 -9.42213
986 -9.42213
987 -9.42213
988 -9.42213
989 -9.42213
990 -9.42213
991 -9.42213
992 -9.42213
993 -9.42213
994 -9.42213
995 -9.42213
996 -9.42213
997 -9.42213
998 -9.42213
999 -9.42213
