0 -8520.48
1 -8520.48
2 -8520.48
3 -4744
4 -4744
5 -4744
6 -4744
7 -4744
8 -4744
9 -4673.4
10 -4673.4
11 -4673.4
12 -4673.4
13 -4673.4
14 -4673.4
15 -4673.4
16 -4673.4
17 -2841.69
18 -2841.69
19 -2841.69
20 -2841.69
21 -2841.69
22 -2841.69
23 -2841.69
24 -2841.69
25 -1576.87
26 -1576.87
27 -1576.87
28 -1576.87
29 -1576.87
30 -1576.87
31 -1576.87
32 -1576.87
33 -1576.87
34 -1576.87
35 -1576.87
36 -1576.87
37 -1576.87
38 -1576.87
39 -1576.87
40 -1576.87
41 -1576.87
42 -1576.87
43 -1576.87
44 -1576.87
45 -1576.87
46 -1576.87
47 -1576.87
48 -1576.87
49 -1576.87
50 -1576.87
51 -1576.87
52 -1576.87
53 -1576.87
54 -1576.87
55 -1576.87
56 -1576.87
57 -1088.01
58 -1088.01
59 -1088.01
60 -1088.01
61 -1088.01
62 -1088.01
63 -1034.9
64 -1034.9
65 -1034.9
66 -1034.9
67 -1034.9
68 -1034.9
69 -1034.9
70 -1034.9
71 -1034.9
72 -1034.9
73 -1034.9
74 -1034.9
75 -745.881
76 -745.881
77 -745.881
78 -663.099
79 -663.099
80 -663.099
81 -663.099
82 -663.099
83 -607.045
84 -541.066
85 -541.066
86 -541.066
87 -541.066
88 -493.026
89 -493.026
90 -493.026
91 -493.026
92 -493.026
93 -454.637
94 -454.637
95 -454.637
96 -453.801
97 -453.801
98 -453.801
99 -453.801
100 -453.801
101 -453.801
102 -453.801
103 -280.488
104 -280.488
105 -280.488
106 -280.488
107 -280.488
108 -280.488
109 -280.488
110 -280.488
111 -280.488
112 -280.488
113 -280.354
114 -280.354
115 -280.354
116 -280.354
117 -280.354
118 -280.354
119 -280.354
120 -280.354
121 -280.354
122 -280.354
123 -280.354
124 -236.027
125 -236.027
126 -236.027
127 -236.027
128 -236.027
129 -236.027
130 -236.027
131 -236.027
132 -236.027
133 -236.027
134 -236.027
135 -236.027
136 -236.027
137 -200.096
138 -200.096
139 -200.096
140 -200.096
141 -200.096
142 -200.096
143 -200.096
144 -200.096
145 -200.096
146 -81.2549
147 -81.2549
148 -81.2549
149 -81.2549
150 -81.2549
151 -81.2549
152 -81.2549
153 -81.2549
154 -81.2549
155 -81.2549
156 -60.866
157 -60.866
158 -60.866
159 -60.866
160 -60.866
161 -60.866
162 -42.5129
163 -42.5129
164 -42.5129
165 -42.5129
166 -42.5129
167 -42.5129
168 -42.5129
169 -42.5129
170 -42.5129
171 -42.5129
172 -42.5129
173 -42.5129
174 -42.5129
175 -42.5129
176 -42.5129
177 -42.5129
178 -42.5129
179 -42.5129
180 -42.5129
181 -39.4709
182 -39.4709
183 -39.4709
184 -39.4709
185 -39.4709
186 -39.4709
187 -39.4709
188 -39.4709
189 -26.0444
190 -26.0444
191 -26.0444
192 -26.0444
193 -26.0444
194 -25.8265
195 -25.8265
196 -25.8265
197 -25.8265
198 -25.8265
199 -25.8265
200 -25.8265
201 -25.8265
202 -18.6568
203 -18.6568
204 -18.6568
205 -18.6568
206 -18.6568
207 -18.6568
208 -18.6568
209 -18.6568
210 -18.6568
211 -18.6568
212 -18.6568
213 -18.6568
214 -18.6568
215 -18.6568
216 -18.6568
217 -18.6568
218 -18.6568
219 -18.6568
220 -18.6568
221 -18.6568
222 -18.6568
223 -18.6568
224 -18.6568
225 -18.6568
226 -18.6568
227 -18.6568
228 -18.6568
229 -18.6568
230 -18.6568
231 -18.6568
232 -16.149
233 -16.149
234 -16.149
235 -16.149
236 -16.149
237 -11.6868
238 -11.6868
239 -11.6868
240 -11.6868
241 -11.6868
242 -11.6868
243 -11.6868
244 -11.6868
245 -11.6868
246 -11.6868
247 -11.6868
248 -11.6868
249 -11.6868
250 -11.6868
251 -11.6868
252 -11.6868
253 -11.6868
254 -11.6868
255 -11.6868
256 -11.6868
257 -11.6868
258 -11.6868
259 -11.6868
260 -11.6868
261 -11.6868
262 -11.6868
263 -11.6868
264 -11.6868
265 -11.6868
266 -11.6868
267 -11.4271
268 -11.4271
269 -11.4271
270 -11.4271
271 -11.4271
272 -11.4271
273 -11.4271
274 -11.4271
275 -11.4271
276 -11.4271
277 -11.4271
278 -11.4271
279 -11.4271
280 -11.4271
281 -11.4271
282 -11.4271
283 -11.4271
284 -11.4271
285 -11.4271
286 -11.4271
287 -11.4271
288 -11.4271
289 -11.4271
290 -11.4271
291 -11.4271
292 -11.4206
293 -11.4206
294 -10.3054
295 -10.3054
296 -10.3054
297 -10.3054
298 -10.3054
299 -10.3054
300 -10.3054
301 -10.3054
302 -10.3054
303 -10.3054
304 -10.3054
305 -10.3054
306 -10.3054
307 -10.3054
308 -10.3054
309 -10.3054
310 -10.3054
311 -10.3054
312 -10.3054
313 -10.3054
314 -10.3054
315 -10.3054
316 -10.3054
317 -9.80852
318 -9.80852
319 -9.80852
320 -9.80852
321 -9.80852
322 -9.65713
323 -9.65713
324 -9.65713
325 -9.65713
326 -9.65713
327 -9.65713
328 -9.65713
329 -9.65713
330 -9.65713
331 -9.65713
332 -9.65713
333 -9.65713
334 -9.65713
335 -9.65713
336 -9.65713
337 -9.65713
338 -9.65713
339 -9.65713
340 -9.64085
341 -9.64085
342 -9.64085
343 -9.64085
344 -9.64085
345 -9.59609
346 -9.59609
347 -9.59609
348 -9.59609
349 -9.59609
350 -9.59609
351 -9.59609
352 -9.59609
353 -9.59609
354 -9.59609
355 -9.59609
356 -9.59609
357 -9.59609
358 -9.59609
359 -9.59609
360 -9.58
361 -9.58
362 -9.58
363 -9.58
364 -9.58
365 -9.58
366 -9.58
367 -9.58
368 -9.58
369 -9.58
370 -9.58
371 -9.58
372 -9.58
373 -9.58
374 -9.58
375 -9.58
376 -9.58
377 -9.58
378 -9.58
379 -9.58
380 -9.58
381 -9.58
382 -9.58
383 -9.58
384 -9.58
385 -9.58
386 -9.58
387 -9.58
388 -9.58
389 -9.58
390 -9.58
391 -9.58
392 -9.58
393 -9.58
394 -9.58
395 -9.58
396 -9.58
397 -9.58
398 -9.58
399 -9.58
400 -9.58
401 -9.58
402 -9.58
403 -9.58
404 -9.57759
405 -9.57759
406 -9.57759
407 -9.57759
408 -9.57759
409 -9.508
410 -9.508
411 -9.508
412 -9.508
413 -9.508
414 -9.508
415 -9.47576
416 -9.47576
417 -9.47576
418 -9.47576
419 -9.47576
420 -9.47576
421 -9.47576
422 -9.47576
423 -9.47576
424 -9.47576
425 -9.47576
426 -9.47576
427 -9.47576
428 -9.47576
429 -9.47576
430 -9.47576
431 -9.47576
432 -9.47576
433 -9.47576
434 -9.47576
435 -9.47576
436 -9.47576
437 -9.47576
438 -9.47576
439 -9.47576
440 -9.47576
441 -9.47576
442 -9.47576
443 -9.47576
444 -9.47576
445 -9.47576
446 -9.47576
447 -9.47576
448 -9.47576
449 -9.47576
450 -9.47576
451 -9.47576
452 -9.47576
453 -9.47576
454 -9.47576
455 -9.47576
456 -9.47576
457 -9.47576
458 -9.47576
459 -9.47576
460 -9.47576
461 -9.47576
462 -9.47576
463 -9.47576
464 -9.47576
465 -9.47576
466 -9.47576
467 -9.47576
468 -9.47576
469 -9.47576
470 -9.47576
471 -9.47576
472 -9.47576
473 -9.47576
474 -9.47576
475 -9.47576
476 -9.47576
477 -9.47576
478 -9.47576
479 -9.47576
480 -9.47576
481 -9.47576
482 -9.47576
483 -9.47576
484 -9.47576
485 -9.47576
486 -9.47576
487 -9.47576
488 -9.47576
489 -9.47576
490 -9.47576
491 -9.47576
492 -9.47576
493 -9.47576
494 -9.47576
495 -9.47576
496 -9.47576
497 -9.47576
498 -9.47576
499 -9.47576
500 -9.47576
501 -9.47576
502 -9.47576
503 -9.47576
504 -9.47576
505 -9.47576
506 -9.47576
507 -9.47576
508 -9.47576
509 -9.47576
510 -9.47576
511 -9.47576
512 -9.47576
513 -9.47576
514 -9.47576
515 -9.47576
516 -9.47576
517 -9.47576
518 -9.47576
519 -9.47576
520 -9.47576
521 -9.47576
522 -9.47576
523 -9.47576
524 -9.47576
525 -9.47576
526 -9.47576
527 -9.47576
528 -9.47576
529 -9.47576
530 -9.47576
531 -9.47576
532 -9.47576
533 -9.47576
534 -9.47576
535 -9.47576
536 -9.47576
537 -9.47576
538 -9.47576
539 -9.47576
540 -9.47576
541 -9.47576
542 -9.47576
543 -9.47576
544 -9.47576
545 -9.47576
546 -9.47576
547 -9.47576
548 -9.47576
549 -9.47576
550 -9.47576
551 -9.47576
552 -9.47576
553 -9.47576
554 -9.47576
555 -9.47576
556 -9.47576
557 -9.47576
558 -9.47576
559 -9.47576
560 -9.47576
561 -9.47576
562 -9.47576
563 -9.47576
564 -9.47576
565 -9.47576
566 -9.47576
567 -9.47576
568 -9.47576
569 -9.47576
570 -9.47576
571 -9.47576
572 -9.47576
573 -9.47576
574 -9.47576
575 -9.47576
576 -9.47576
577 -9.47576
578 -9.47576
579 -9.47576
580 -9.47576
581 -9.47576
582 -9.45547
583 -9.45547
584 -9.45547
585 -9.45547
586 -9.45547
587 -9.45547
588 -9.45547
589 -9.45547
590 -9.45547
591 -9.45547
592 -9.45547
593 -9.45547
594 -9.45547
595 -9.45547
596 -9.45547
597 -9.45547
598 -9.45547
599 -9.45547
600 -9.45547
601 -9.45547
602 -9.45547
603 -9.45547
604 -9.45547
605 -9.45547
606 -9.45547
607 -9.45547
608 -9.45547
609 -9.45547
610 -9.45547
611 -9.45547
612 -9.45547
613 -9.45547
614 -9.45547
615 -9.45547
616 -9.45547
617 -9.45547
618 -9.45547
619 -9.45547
620 -9.45547
621 -9.45547
622 -9.45547
623 -9.45547
624 -9.45547
625 -9.45547
626 -9.45547
627 -9.45547
628 -9.45547
629 -9.45547
630 -9.45547
631 -9.45547
632 -9.45547
633 -9.45547
634 -9.45547
635 -9.45547
636 -9.45547
637 -9.45547
638 -9.45547
639 -9.45547
640 -9.45547
641 -9.45547
642 -9.45547
643 -9.45547
644 -9.45547
645 -9.45547
646 -9.45547
647 -9.45547
648 -9.45547
649 -9.45547
650 -9.45547
651 -9.45547
652 -9.45547
653 -9.45547
654 -9.45547
655 -9.45547
656 -9.45547
657 -9.45547
658 -9.45547
659 -9.45547
660 -9.45547
661 -9.45547
662 -9.45547
663 -9.45547
664 -9.45547
665 -9.45076
666 -9.45076
667 -9.45076
668 -9.45076
669 -9.45076
670 -9.45076
671 -9.45076
672 -9.45076
673 -9.45076
674 -9.45076
675 -9.45076
676 -9.45076
677 -9.45076
678 -9.45076
679 -9.45076
680 -9.45076
681 -9.45076
682 -9.45076
683 -9.45076
684 -9.45076
685 -9.45076
686 -9.45076
687 -9.45076
688 -9.45076
689 -9.45076
690 -9.45076
691 -9.45076
692 -9.45076
693 -9.45076
694 -9.45076
695 -9.45076
696 -9.45076
697 -9.45076
698 -9.41415
699 -9.41415
700 -9.41415
701 -9.41415
702 -9.41415
703 -9.41415
704 -9.41415
705 -9.41415
706 -9.41415
707 -9.41415
708 -9.41415
709 -9.41415
710 -9.41415
711 -9.41415
712 -9.41415
713 -9.41415
714 -9.41415
715 -9.41415
716 -9.41415
717 -9.41415
718 -9.41415
719 -9.41415
720 -9.41415
721 -9.41415
722 -9.41415
723 -9.41415
724 -9.41415
725 -9.41415
726 -9.41415
727 -9.41415
728 -9.41415
729 -9.41415
730 -9.41415
731 -9.41415
732 -9.41415
733 -9.41415
734 -9.41415
735 -9.41415
736 -9.41415
737 -9.41415
738 -9.41415
739 -9.41415
740 -9.41415
741 -9.41415
742 -9.41415
743 -9.41415
744 -9.41415
745 -9.41415
746 -9.41415
747 -9.41415
748 -9.41415
749 -9.41415
750 -9.41415
751 -9.41415
752 -9.41415
753 -9.41415
754 -9.41415
755 -9.41415
756 -9.41415
757 -9.41415
758 -9.41415
759 -9.41415
760 -9.41415
761 -9.41415
762 -9.41415
763 -9.41415
764 -9.41415
765 -9.41415
766 -9.41415
767 -9.41415
768 -9.41415
769 -9.41415
770 -9.41415
771 -9.41415
772 -9.41415
773 -9.41415
774 -9.41415
775 -9.41415
776 -9.41415
777 -9.41415
778 -9.41415
779 -9.41415
780 -9.41415
781 -9.41415
782 -9.41415
783 -9.41415
784 -9.41415
785 -9.41415
786 -9.41415
787 -9.41415
788 -9.41415
789 -9.41415
790 -9.41415
791 -9.41415
792 -9.41415
793 -9.41415
794 -9.41415
795 -9.41415
796 -9.41415
797 -9.41415
798 -9.41415
799 -9.41415
800 -9.41415
801 -9.41415
802 -9.41415
803 -9.41415
804 -9.41415
805 -9.41415
806 -9.41415
807 -9.41415
808 -9.41415
809 -9.41415
810 -9.41415
811 -9.41415
812 -9.41415
813 -9.41415
814 -9.41415
815 -9.41415
816 -9.41415
817 -9.41415
818 -9.41415
819 -9.41415
820 -9.41415
821 -9.41415
822 -9.41415
823 -9.41415
824 -9.41415
825 -9.41415
826 -9.41415
827 -9.41415
828 -9.41415
829 -9.41415
830 -9.41415
831 -9.41415
832 -9.41415
833 -9.41415
834 -9.41415
835 -9.41415
836 -9.41415
837 -9.41415
838 -9.41415
839 -9.41415
840 -9.41415
841 -9.41415
842 -9.41415
843 -9.41415
844 -9.41415
845 -9.41415
846 -9.41415
847 -9.41415
848 -9.41415
849 -9.41415
850 -9.41415
851 -9.41415
852 -9.41415
853 -9.41415
854 -9.41415
855 -9.41415
856 -9.41415
857 -9.41415
858 -9.41415
859 -9.41415
860 -9.41415
861 -9.41415
862 -9.41415
863 -9.41415
864 -9.41415
865 -9.41415
866 -9.41415
867 -9.41415
868 -9.41415
869 -9.41415
870 -9.41415
871 -9.41415
872 -9.41415
873 -9.41415
874 -9.41415
875 -9.41415
876 -9.41415
877 -9.41415
878 -9.41415
879 -9.41415
880 -9.41415
881 -9.41415
882 -9.41415
883 -9.41415
884 -9.41415
885 -9.41415
886 -9.41415
887 -9.41415
888 -9.41415
889 -9.41415
890 -9.41415
891 -9.41415
892 -9.41415
893 -9.41415
894 -9.41415
895 -9.41415
896 -9.41415
897 -9.41415
898 -9.41415
899 -9.41415
900 -9.41415
901 -9.41415
902 -9.41415
903 -9.41415
904 -9.41415
905 -9.41415
906 -9.41415
907 -9.41415
908 -9.41415
909 -9.41415
910 -9.41415
911 -9.41415
912 -9.41415
913 -9.41415
914 -9.41415
915 -9.41415
916 -9.41415
917 -9.41415
918 -9.41415
919 -9.41415
920 -9.41415
921 -9.41415
922 -9.41415
923 -9.41415
924 -9.41415
925 -9.41415
926 -9.41415
927 -9.41415
928 -9.41415
929 -9.41415
930 -9.41415
931 -9.41415
932 -9.41415
933 -9.41415
934 -9.41415
935 -9.41415
936 -9.41415
937 -9.41415
938 -9.41415
939 -9.41415
940 -9.41415
941 -9.41415
942 -9.41415
943 -9.41415
944 -9.41415
945 -9.41415
946 -9.41415
947 -9.41415
948 -9.41415
949 -9.41415
950 -9.41415
951 -9.41415
952 -9.41415
953 -9.41415
954 -9.41415
955 -9.41415
956 -9.41415
957 -9.41415
958 -9.41415
959 -9.41415
960 -9.41415
961 -9.41415
962 -9.41415
963 -9.41415
964 -9.41415
965 -9.41415
966 -9.41415
967 -9.41415
968 -9.41415
969 -9.41415
970 -9.41415
971 -9.41415
972 -9.41415
973 -9.41415
974 -9.41415
975 -9.41415
976 -9.41415
977 -9.41415
978 -9.41415
979 -9.41415
980 -9.41415
981 -9.41415
982 -9.41415
983 -9.41415
984 -9.41415
985 -9.41415
986 -9.41415
987 -9.41415
988 -9.41415
989 -9.41415
990 -9.41415
991 -9.41415
992 -9.41415
993 -9.41415
994 -9.41415
995 -9.41415
996 -9.41415
997 -9.41415
998 -9.41415
999 -9.41415
