0 -8114.92
1 -8114.92
2 -8114.92
3 -8114.92
4 -8114.92
5 -8114.92
6 -8114.92
7 -8114.92
8 -8114.92
9 -8114.92
10 -8114.92
11 -8114.92
12 -8114.92
13 -8114.92
14 -8114.92
15 -8114.92
16 -8114.92
17 -8114.92
18 -8114.92
19 -8114.92
20 -8114.92
21 -8114.92
22 -8114.92
23 -7750.11
24 -7750.11
25 -7750.11
26 -7750.11
27 -7750.11
28 -7750.11
29 -7750.11
30 -7750.11
31 -7750.11
32 -7750.11
33 -7750.11
34 -7696.58
35 -7696.58
36 -7696.58
37 -7696.58
38 -5747.11
39 -5747.11
40 -5747.11
41 -5747.11
42 -5747.11
43 -5747.11
44 -5747.11
45 -5747.11
46 -2667.5
47 -2667.5
48 -2667.5
49 -2667.5
50 -2667.5
51 -2667.5
52 -2667.5
53 -2667.5
54 -2667.5
55 -2667.5
56 -2667.5
57 -2667.5
58 -2667.5
59 -2667.5
60 -2667.5
61 -2667.5
62 -2667.5
63 -2667.5
64 -2667.5
65 -2667.5
66 -2667.5
67 -2667.5
68 -2667.5
69 -2667.5
70 -2667.5
71 -2667.5
72 -2667.5
73 -2667.5
74 -2667.5
75 -2667.5
76 -2667.5
77 -2667.5
78 -2667.5
79 -2667.5
80 -2667.5
81 -2667.5
82 -2667.5
83 -2667.5
84 -2667.5
85 -2667.5
86 -2667.5
87 -2667.5
88 -2667.5
89 -2667.5
90 -2667.5
91 -2366.48
92 -2366.48
93 -2366.48
94 -2366.48
95 -1799.88
96 -1799.88
97 -1799.88
98 -1799.88
99 -1799.88
100 -1799.88
101 -1799.88
102 -1799.88
103 -1799.88
104 -1799.88
105 -1799.88
106 -1799.88
107 -1799.88
108 -1582.88
109 -1582.88
110 -1582.88
111 -1582.88
112 -1582.88
113 -1582.88
114 -1582.88
115 -1582.88
116 -1582.88
117 -1582.88
118 -1582.88
119 -1582.88
120 -1484.82
121 -1484.82
122 -1484.82
123 -1484.82
124 -1484.82
125 -1484.82
126 -1484.82
127 -1484.82
128 -1484.82
129 -874.649
130 -874.649
131 -874.649
132 -874.649
133 -874.649
134 -874.649
135 -874.649
136 -874.649
137 -874.649
138 -874.649
139 -874.649
140 -874.649
141 -874.649
142 -874.649
143 -874.649
144 -874.649
145 -874.649
146 -874.649
147 -874.649
148 -810.084
149 -810.084
150 -810.084
151 -810.084
152 -810.084
153 -810.084
154 -810.084
155 -810.084
156 -810.084
157 -810.084
158 -810.084
159 -653.264
160 -653.264
161 -653.264
162 -653.264
163 -653.264
164 -653.264
165 -653.264
166 -653.264
167 -653.264
168 -653.264
169 -653.264
170 -653.264
171 -653.264
172 -653.264
173 -653.264
174 -653.264
175 -653.264
176 -653.264
177 -653.264
178 -653.264
179 -653.264
180 -653.264
181 -653.264
182 -653.264
183 -653.264
184 -653.264
185 -653.264
186 -653.264
187 -653.264
188 -653.264
189 -653.264
190 -653.264
191 -540.769
192 -540.769
193 -540.769
194 -540.769
195 -540.769
196 -540.769
197 -540.769
198 -540.769
199 -540.769
200 -540.769
201 -540.769
202 -472.806
203 -472.806
204 -472.806
205 -472.806
206 -472.806
207 -472.806
208 -472.806
209 -472.806
210 -472.806
211 -472.806
212 -472.806
213 -472.806
214 -472.806
215 -472.806
216 -472.806
217 -472.806
218 -472.806
219 -472.806
220 -302.603
221 -302.603
222 -302.603
223 -302.603
224 -302.603
225 -302.603
226 -302.603
227 -302.603
228 -302.603
229 -302.603
230 -302.603
231 -166.902
232 -166.902
233 -166.902
234 -166.902
235 -166.902
236 -166.902
237 -166.902
238 -166.902
239 -166.902
240 -83.6613
241 -83.6613
242 -83.6613
243 -83.6613
244 -83.6613
245 -83.6613
246 -83.6613
247 -83.6613
248 -83.6613
249 -83.6613
250 -83.6613
251 -83.6613
252 -83.6613
253 -83.6613
254 -83.6613
255 -83.6613
256 -83.6613
257 -83.6613
258 -83.6613
259 -83.6613
260 -83.6613
261 -83.6613
262 -83.6613
263 -83.6613
264 -83.6613
265 -83.6613
266 -83.6613
267 -83.6613
268 -83.6613
269 -83.6613
270 -83.6613
271 -83.6613
272 -83.6613
273 -83.6613
274 -83.6613
275 -83.6613
276 -83.6613
277 -83.6613
278 -83.6613
279 -83.6613
280 -83.6613
281 -83.6613
282 -83.6613
283 -83.6613
284 -83.6613
285 -83.6613
286 -83.6613
287 -83.6613
288 -83.6613
289 -83.6613
290 -83.6613
291 -83.6613
292 -83.6613
293 -83.6613
294 -83.6613
295 -83.6613
296 -83.6613
297 -83.6613
298 -83.6613
299 -83.6613
300 -83.6613
301 -83.6613
302 -83.6613
303 -83.6613
304 -83.6613
305 -83.6613
306 -83.6613
307 -83.6613
308 -83.6613
309 -83.6613
310 -83.6613
311 -83.6613
312 -83.6613
313 -83.6613
314 -83.6613
315 -83.6613
316 -83.6613
317 -83.6613
318 -83.6613
319 -83.6613
320 -83.6613
321 -83.6613
322 -83.6613
323 -83.6613
324 -83.6613
325 -83.6613
326 -83.6613
327 -83.6613
328 -83.6613
329 -83.6613
330 -83.6613
331 -83.6613
332 -83.6613
333 -83.6613
334 -83.6613
335 -83.6613
336 -83.6613
337 -83.6613
338 -83.6613
339 -83.6613
340 -83.6613
341 -83.6613
342 -83.6613
343 -83.6613
344 -83.6613
345 -83.6613
346 -83.6613
347 -83.354
348 -83.354
349 -83.354
350 -83.354
351 -83.354
352 -83.354
353 -83.354
354 -57.8447
355 -57.8447
356 -57.8447
357 -57.8447
358 -57.8447
359 -57.8447
360 -57.8447
361 -57.8447
362 -57.8447
363 -57.8447
364 -57.8447
365 -57.8447
366 -57.8447
367 -57.8447
368 -57.8447
369 -57.8447
370 -57.8447
371 -57.8447
372 -57.8447
373 -57.8447
374 -57.8447
375 -55.0085
376 -55.0085
377 -55.0085
378 -55.0085
379 -55.0085
380 -54.844
381 -54.844
382 -54.844
383 -34.1093
384 -34.1093
385 -34.1093
386 -34.1093
387 -34.1093
388 -34.1093
389 -34.1093
390 -29.1123
391 -29.1123
392 -29.1123
393 -29.1123
394 -29.1123
395 -29.1123
396 -29.1123
397 -29.1123
398 -29.1123
399 -29.1123
400 -29.1123
401 -29.1123
402 -29.1123
403 -29.1123
404 -29.1123
405 -29.1123
406 -29.1123
407 -29.1123
408 -29.1123
409 -29.1123
410 -29.1123
411 -29.1123
412 -29.1123
413 -29.1123
414 -29.1123
415 -29.1123
416 -29.1123
417 -29.1123
418 -29.1123
419 -29.1123
420 -29.1123
421 -29.1123
422 -29.1123
423 -29.1123
424 -29.1123
425 -29.1123
426 -29.1123
427 -29.1123
428 -29.1123
429 -29.1123
430 -29.1123
431 -29.1123
432 -29.1123
433 -29.1123
434 -29.1123
435 -29.1123
436 -29.1123
437 -29.1123
438 -29.1123
439 -29.1123
440 -29.1123
441 -29.1123
442 -29.1123
443 -29.1123
444 -14.8352
445 -14.8352
446 -14.8352
447 -14.8352
448 -14.8352
449 -14.8352
450 -14.8352
451 -14.8352
452 -14.8352
453 -14.8352
454 -14.8352
455 -14.8352
456 -14.8352
457 -14.8352
458 -14.8352
459 -14.8352
460 -14.8352
461 -14.8352
462 -14.8352
463 -14.8352
464 -14.8352
465 -14.8352
466 -14.8352
467 -14.8352
468 -14.8352
469 -14.8352
470 -12.512
471 -12.512
472 -12.512
473 -12.512
474 -12.512
475 -12.512
476 -12.512
477 -12.512
478 -12.512
479 -12.512
480 -12.512
481 -12.512
482 -12.512
483 -12.512
484 -12.512
485 -12.512
486 -11.657
487 -11.657
488 -11.657
489 -11.657
490 -11.657
491 -11.657
492 -11.657
493 -11.657
494 -11.657
495 -11.657
496 -11.657
497 -11.657
498 -11.657
499 -11.657
500 -11.657
501 -11.657
502 -11.657
503 -11.657
504 -11.657
505 -11.657
506 -11.657
507 -11.657
508 -11.657
509 -11.657
510 -11.657
511 -11.657
512 -11.657
513 -11.657
514 -10.7128
515 -10.7128
516 -10.7128
517 -10.7128
518 -10.7128
519 -10.7128
520 -10.7128
521 -10.7128
522 -10.7128
523 -10.7128
524 -10.7128
525 -10.7128
526 -10.7128
527 -10.7128
528 -10.7128
529 -10.6515
530 -10.6515
531 -10.6515
532 -10.6515
533 -10.6515
534 -10.6515
535 -10.6515
536 -10.6515
537 -10.6515
538 -10.6515
539 -9.6612
540 -9.6612
541 -9.65468
542 -9.65468
543 -9.65468
544 -9.65468
545 -9.65468
546 -9.65468
547 -9.65468
548 -9.65468
549 -9.65468
550 -9.65468
551 -9.65468
552 -9.65468
553 -9.65468
554 -9.65468
555 -9.65468
556 -9.65468
557 -9.65468
558 -9.65468
559 -9.65468
560 -9.65468
561 -9.65468
562 -9.65468
563 -9.65468
564 -9.65468
565 -9.65468
566 -9.65468
567 -9.65468
568 -9.65468
569 -9.65468
570 -9.65468
571 -9.65468
572 -9.65468
573 -9.65468
574 -9.65468
575 -9.65468
576 -9.65468
577 -9.65468
578 -9.65468
579 -9.65468
580 -9.65468
581 -9.65468
582 -9.65468
583 -9.65468
584 -9.65468
585 -9.65468
586 -9.65468
587 -9.65468
588 -9.65468
589 -9.65468
590 -9.65468
591 -9.65468
592 -9.65468
593 -9.65468
594 -9.65468
595 -9.65468
596 -9.65468
597 -9.65468
598 -9.65468
599 -9.65468
600 -9.65468
601 -9.65468
602 -9.65468
603 -9.65468
604 -9.65468
605 -9.65468
606 -9.65468
607 -9.65468
608 -9.65468
609 -9.65468
610 -9.65468
611 -9.65468
612 -9.65468
613 -9.61784
614 -9.61784
615 -9.61784
616 -9.61784
617 -9.61784
618 -9.61784
619 -9.61784
620 -9.61784
621 -9.61784
622 -9.61784
623 -9.61784
624 -9.61784
625 -9.61784
626 -9.61784
627 -9.61784
628 -9.61784
629 -9.61784
630 -9.61784
631 -9.61784
632 -9.61784
633 -9.61784
634 -9.61784
635 -9.61784
636 -9.61784
637 -9.61784
638 -9.61784
639 -9.61784
640 -9.61784
641 -9.61784
642 -9.61784
643 -9.61784
644 -9.61784
645 -9.61784
646 -9.61784
647 -9.61784
648 -9.61784
649 -9.61784
650 -9.61784
651 -9.61784
652 -9.61784
653 -9.61784
654 -9.61784
655 -9.61784
656 -9.61784
657 -9.61784
658 -9.61784
659 -9.61784
660 -9.61784
661 -9.61784
662 -9.61784
663 -9.61784
664 -9.61784
665 -9.61784
666 -9.61784
667 -9.61784
668 -9.61784
669 -9.61784
670 -9.61784
671 -9.61784
672 -9.61784
673 -9.61784
674 -9.61784
675 -9.61784
676 -9.61784
677 -9.59316
678 -9.59316
679 -9.59316
680 -9.59316
681 -9.59316
682 -9.59316
683 -9.59316
684 -9.59316
685 -9.59316
686 -9.59316
687 -9.59316
688 -9.59316
689 -9.59316
690 -9.59316
691 -9.59316
692 -9.59316
693 -9.59316
694 -9.59316
695 -9.59316
696 -9.59316
697 -9.59316
698 -9.59316
699 -9.59316
700 -9.59316
701 -9.59316
702 -9.59316
703 -9.59316
704 -9.59316
705 -9.59316
706 -9.59316
707 -9.59316
708 -9.59316
709 -9.59316
710 -9.59316
711 -9.59316
712 -9.59316
713 -9.59316
714 -9.59316
715 -9.59316
716 -9.59316
717 -9.59316
718 -9.59316
719 -9.59316
720 -9.59316
721 -9.59316
722 -9.59316
723 -9.57513
724 -9.57513
725 -9.57513
726 -9.57513
727 -9.57513
728 -9.57513
729 -9.57513
730 -9.57513
731 -9.57513
732 -9.57513
733 -9.57513
734 -9.57513
735 -9.57513
736 -9.57513
737 -9.57513
738 -9.57513
739 -9.57513
740 -9.57513
741 -9.57513
742 -9.57513
743 -9.57513
744 -9.57513
745 -9.57513
746 -9.57513
747 -9.57513
748 -9.57513
749 -9.56938
750 -9.56938
751 -9.56938
752 -9.56938
753 -9.56938
754 -9.56938
755 -9.56938
756 -9.56938
757 -9.56938
758 -9.56938
759 -9.56938
760 -9.56938
761 -9.56938
762 -9.56938
763 -9.56938
764 -9.56938
765 -9.56938
766 -9.56938
767 -9.56938
768 -9.56938
769 -9.56938
770 -9.56938
771 -9.56938
772 -9.56938
773 -9.56938
774 -9.56938
775 -9.56938
776 -9.56938
777 -9.56938
778 -9.56938
779 -9.56938
780 -9.56938
781 -9.56938
782 -9.56938
783 -9.56938
784 -9.56938
785 -9.56938
786 -9.56938
787 -9.55439
788 -9.55439
789 -9.55439
790 -9.55439
791 -9.55439
792 -9.55439
793 -9.55439
794 -9.55439
795 -9.55439
796 -9.55439
797 -9.55439
798 -9.55439
799 -9.53183
800 -9.53183
801 -9.53183
802 -9.53183
803 -9.53183
804 -9.53183
805 -9.53183
806 -9.53183
807 -9.53183
808 -9.53183
809 -9.53183
810 -9.53183
811 -9.53183
812 -9.53183
813 -9.53183
814 -9.53001
815 -9.53001
816 -9.52145
817 -9.52145
818 -9.52145
819 -9.52145
820 -9.52145
821 -9.52145
822 -9.52145
823 -9.52145
824 -9.52145
825 -9.52145
826 -9.51786
827 -9.51786
828 -9.51786
829 -9.51786
830 -9.51786
831 -9.51786
832 -9.51786
833 -9.51786
834 -9.51786
835 -9.51786
836 -9.51786
837 -9.51786
838 -9.51786
839 -9.51786
840 -9.51786
841 -9.51786
842 -9.51786
843 -9.51786
844 -9.51786
845 -9.51786
846 -9.51786
847 -9.51786
848 -9.51786
849 -9.50289
850 -9.50289
851 -9.50289
852 -9.50289
853 -9.50289
854 -9.50289
855 -9.50289
856 -9.50289
857 -9.50289
858 -9.50289
859 -9.50289
860 -9.50289
861 -9.50289
862 -9.50289
863 -9.50289
864 -9.50289
865 -9.50289
866 -9.50289
867 -9.50289
868 -9.50289
869 -9.50289
870 -9.50289
871 -9.50289
872 -9.50289
873 -9.50289
874 -9.50289
875 -9.50033
876 -9.50033
877 -9.50033
878 -9.50033
879 -9.4837
880 -9.4837
881 -9.4837
882 -9.4837
883 -9.4837
884 -9.4837
885 -9.4837
886 -9.4837
887 -9.4837
888 -9.4837
889 -9.4837
890 -9.4837
891 -9.4837
892 -9.47649
893 -9.47649
894 -9.47649
895 -9.47649
896 -9.47649
897 -9.47649
898 -9.47649
899 -9.47649
900 -9.47649
901 -9.47649
902 -9.47649
903 -9.47649
904 -9.47649
905 -9.47649
906 -9.47649
907 -9.47649
908 -9.47649
909 -9.47649
910 -9.47649
911 -9.47649
912 -9.47649
913 -9.47649
914 -9.47649
915 -9.47649
916 -9.47649
917 -9.47649
918 -9.47649
919 -9.47649
920 -9.47649
921 -9.47649
922 -9.47649
923 -9.47649
924 -9.47649
925 -9.47649
926 -9.47649
927 -9.47649
928 -9.47649
929 -9.47649
930 -9.47649
931 -9.47649
932 -9.47649
933 -9.47649
934 -9.47649
935 -9.47649
936 -9.47649
937 -9.47649
938 -9.47649
939 -9.47649
940 -9.47649
941 -9.47649
942 -9.47649
943 -9.47649
944 -9.47649
945 -9.47649
946 -9.47649
947 -9.47649
948 -9.47649
949 -9.47649
950 -9.47649
951 -9.47649
952 -9.46545
953 -9.46545
954 -9.46545
955 -9.46545
956 -9.46545
957 -9.46545
958 -9.46545
959 -9.46545
960 -9.46545
961 -9.46545
962 -9.46545
963 -9.46545
964 -9.46545
965 -9.46545
966 -9.46545
967 -9.46545
968 -9.46545
969 -9.46545
970 -9.46545
971 -9.46545
972 -9.46545
973 -9.46545
974 -9.46545
975 -9.46545
976 -9.46545
977 -9.46545
978 -9.46545
979 -9.46545
980 -9.46545
981 -9.46545
982 -9.46545
983 -9.46545
984 -9.46545
985 -9.46545
986 -9.46545
987 -9.46545
988 -9.46545
989 -9.46545
990 -9.46545
991 -9.46545
992 -9.46545
993 -9.46545
994 -9.46545
995 -9.46545
996 -9.46545
997 -9.46545
998 -9.46545
999 -9.46545
