0 -3365.08
1 -3365.08
2 -3365.08
3 -3365.08
4 -3365.08
5 -3365.08
6 -3365.08
7 -3365.08
8 -3365.08
9 -3365.08
10 -3365.08
11 -3365.08
12 -3365.08
13 -3365.08
14 -3365.08
15 -3365.08
16 -1746.91
17 -1746.91
18 -1746.91
19 -1746.91
20 -1746.91
21 -1746.91
22 -1746.91
23 -1746.91
24 -1746.91
25 -1746.91
26 -1746.91
27 -1746.91
28 -1746.91
29 -1746.91
30 -1746.91
31 -1746.91
32 -1746.91
33 -1746.91
34 -1746.91
35 -1746.91
36 -1746.91
37 -1746.91
38 -1746.91
39 -1746.91
40 -1746.91
41 -1746.91
42 -1746.91
43 -1746.91
44 -1746.91
45 -1746.91
46 -1746.91
47 -1746.91
48 -1746.91
49 -1746.91
50 -1746.91
51 -1746.91
52 -1746.91
53 -1746.91
54 -1746.91
55 -1746.91
56 -1746.91
57 -1746.91
58 -1746.91
59 -1746.91
60 -1746.91
61 -1746.91
62 -1746.91
63 -1746.91
64 -1746.91
65 -1746.91
66 -1746.91
67 -1746.91
68 -1746.91
69 -1746.91
70 -1746.91
71 -1746.91
72 -1746.91
73 -1746.91
74 -1746.91
75 -1746.91
76 -1746.91
77 -1746.91
78 -1746.91
79 -1746.91
80 -1746.91
81 -1746.91
82 -1746.91
83 -1746.91
84 -1746.91
85 -1746.91
86 -1746.91
87 -1746.91
88 -1746.91
89 -1746.91
90 -1746.91
91 -1746.91
92 -1746.91
93 -1746.91
94 -1746.91
95 -1746.91
96 -1746.91
97 -1746.91
98 -1746.91
99 -1746.91
100 -1746.91
101 -1746.91
102 -1746.91
103 -1746.91
104 -1746.91
105 -1746.91
106 -1746.91
107 -1746.91
108 -1746.91
109 -1746.91
110 -1746.91
111 -1746.91
112 -1746.91
113 -1746.91
114 -1746.91
115 -1277.75
116 -1277.75
117 -1277.75
118 -1277.75
119 -1277.75
120 -1277.75
121 -1277.75
122 -1277.75
123 -1277.75
124 -1277.75
125 -1277.75
126 -1277.75
127 -1277.75
128 -1277.75
129 -1277.75
130 -1277.75
131 -1277.75
132 -1277.75
133 -1277.75
134 -1277.75
135 -1277.75
136 -1277.75
137 -1277.75
138 -1277.75
139 -1277.75
140 -1277.75
141 -1277.75
142 -1277.75
143 -1277.75
144 -1277.75
145 -1277.75
146 -1277.75
147 -1277.75
148 -1277.75
149 -1277.75
150 -1277.75
151 -1277.75
152 -1277.75
153 -1277.75
154 -1277.75
155 -1277.75
156 -1277.75
157 -1277.75
158 -1277.75
159 -1277.75
160 -1277.75
161 -1277.75
162 -1111.4
163 -1111.4
164 -1111.4
165 -1111.4
166 -1111.4
167 -1111.4
168 -1111.4
169 -1111.4
170 -1111.4
171 -821.733
172 -821.733
173 -821.733
174 -821.733
175 -821.733
176 -821.733
177 -821.733
178 -821.733
179 -821.733
180 -821.733
181 -821.733
182 -821.733
183 -821.733
184 -821.733
185 -821.733
186 -821.733
187 -821.733
188 -821.733
189 -821.733
190 -821.733
191 -773.877
192 -773.877
193 -773.877
194 -773.877
195 -773.877
196 -773.877
197 -773.877
198 -773.877
199 -773.877
200 -773.877
201 -773.877
202 -773.877
203 -773.877
204 -773.877
205 -773.877
206 -773.877
207 -773.877
208 -773.877
209 -773.877
210 -773.877
211 -773.877
212 -773.877
213 -773.877
214 -770.271
215 -770.271
216 -770.271
217 -723.755
218 -723.755
219 -723.755
220 -434.062
221 -434.062
222 -434.062
223 -429.33
224 -429.33
225 -429.33
226 -429.33
227 -309.731
228 -309.731
229 -309.731
230 -309.731
231 -309.731
232 -309.731
233 -309.731
234 -309.731
235 -309.731
236 -309.731
237 -309.731
238 -309.731
239 -309.731
240 -309.731
241 -309.731
242 -309.731
243 -309.731
244 -309.731
245 -309.731
246 -309.731
247 -309.731
248 -309.731
249 -309.731
250 -309.731
251 -309.731
252 -309.731
253 -309.731
254 -309.731
255 -309.731
256 -309.731
257 -309.731
258 -309.731
259 -309.731
260 -309.731
261 -309.731
262 -303.444
263 -303.444
264 -303.444
265 -303.444
266 -292.054
267 -292.054
268 -292.054
269 -292.054
270 -292.054
271 -292.054
272 -292.054
273 -292.054
274 -292.054
275 -243.173
276 -243.173
277 -243.173
278 -243.173
279 -243.173
280 -243.173
281 -243.173
282 -243.173
283 -199.484
284 -199.484
285 -199.484
286 -199.484
287 -199.484
288 -199.484
289 -199.484
290 -199.484
291 -199.484
292 -199.484
293 -199.484
294 -199.484
295 -196.956
296 -196.956
297 -196.956
298 -196.956
299 -196.956
300 -196.956
301 -196.956
302 -196.956
303 -196.956
304 -196.956
305 -145.114
306 -145.114
307 -145.114
308 -145.114
309 -145.114
310 -145.114
311 -145.114
312 -145.114
313 -145.114
314 -145.114
315 -145.114
316 -133.98
317 -133.98
318 -133.98
319 -133.98
320 -133.98
321 -133.98
322 -133.98
323 -133.98
324 -133.98
325 -131.558
326 -131.558
327 -131.558
328 -131.558
329 -131.558
330 -131.558
331 -117.862
332 -98.7709
333 -98.7709
334 -98.7709
335 -98.7709
336 -98.7709
337 -98.7709
338 -98.7709
339 -98.7709
340 -98.7709
341 -85.4738
342 -85.4738
343 -85.4738
344 -85.4738
345 -55.585
346 -55.585
347 -55.585
348 -55.585
349 -55.585
350 -55.585
351 -55.585
352 -55.585
353 -55.585
354 -55.585
355 -55.585
356 -55.585
357 -55.585
358 -55.585
359 -55.585
360 -55.585
361 -27.1794
362 -27.1794
363 -27.1794
364 -27.1794
365 -27.1794
366 -27.1794
367 -27.1794
368 -27.1794
369 -27.1794
370 -27.1794
371 -27.1794
372 -27.1794
373 -27.1794
374 -27.1794
375 -27.1794
376 -27.1794
377 -27.1794
378 -27.1794
379 -27.1794
380 -27.1794
381 -27.1794
382 -27.1794
383 -27.1794
384 -27.1794
385 -27.1794
386 -27.1794
387 -27.1794
388 -27.1794
389 -27.1794
390 -27.1794
391 -27.1794
392 -27.1794
393 -27.1794
394 -21.1619
395 -21.1619
396 -21.1619
397 -21.1619
398 -21.1619
399 -21.1619
400 -21.1619
401 -21.1619
402 -21.1619
403 -21.1619
404 -21.1619
405 -21.1619
406 -21.1619
407 -21.1619
408 -21.1619
409 -21.1619
410 -21.1619
411 -21.1619
412 -21.1619
413 -21.1619
414 -21.1619
415 -15.7188
416 -15.7188
417 -15.7188
418 -15.7188
419 -15.7188
420 -15.7188
421 -15.7188
422 -15.7188
423 -15.7188
424 -15.7188
425 -15.7188
426 -15.7188
427 -15.7188
428 -15.7188
429 -15.7188
430 -15.7188
431 -15.7188
432 -15.7188
433 -15.7188
434 -15.7188
435 -15.7188
436 -15.7188
437 -15.7188
438 -15.7188
439 -15.7188
440 -15.7188
441 -15.7188
442 -15.7188
443 -15.7188
444 -15.7188
445 -15.7188
446 -15.7188
447 -15.7188
448 -15.7188
449 -15.7188
450 -10.1307
451 -10.1307
452 -10.1307
453 -10.1307
454 -10.1307
455 -10.1307
456 -10.1307
457 -10.1307
458 -10.1307
459 -10.1307
460 -10.1307
461 -10.1307
462 -10.1307
463 -10.1307
464 -10.1307
465 -10.1307
466 -10.1307
467 -10.1307
468 -10.1307
469 -10.1307
470 -10.1307
471 -10.1307
472 -10.1307
473 -10.1307
474 -10.1307
475 -10.1307
476 -10.1307
477 -10.1307
478 -10.1307
479 -10.1307
480 -10.1307
481 -10.1307
482 -10.1307
483 -10.1307
484 -10.1307
485 -10.1307
486 -10.1307
487 -10.1307
488 -10.1307
489 -10.1307
490 -10.1307
491 -10.1307
492 -10.1307
493 -10.1307
494 -10.1307
495 -10.1307
496 -10.1307
497 -10.1307
498 -10.1307
499 -10.1307
500 -10.1307
501 -10.1307
502 -10.1307
503 -10.1307
504 -10.1307
505 -10.1307
506 -10.1307
507 -10.1307
508 -10.1307
509 -10.1307
510 -10.1307
511 -10.1307
512 -10.1307
513 -10.1307
514 -10.1307
515 -10.1307
516 -10.1307
517 -10.1307
518 -10.1307
519 -10.1307
520 -10.1307
521 -10.1307
522 -10.1307
523 -10.1307
524 -10.1307
525 -10.1307
526 -10.1307
527 -10.1307
528 -10.1307
529 -10.1307
530 -10.1307
531 -10.1307
532 -10.1307
533 -10.1307
534 -10.1307
535 -10.1307
536 -10.1307
537 -10.1307
538 -10.1307
539 -10.1307
540 -10.1307
541 -10.1307
542 -10.1307
543 -10.1307
544 -10.1307
545 -10.1307
546 -10.1307
547 -10.1307
548 -10.1307
549 -10.1307
550 -10.1307
551 -10.1307
552 -10.1307
553 -10.1307
554 -10.1307
555 -10.1307
556 -10.1307
557 -10.1307
558 -10.1307
559 -10.1307
560 -10.1307
561 -10.1307
562 -10.1307
563 -10.1307
564 -10.0995
565 -10.0919
566 -10.0919
567 -9.94022
568 -9.94022
569 -9.94022
570 -9.89914
571 -9.89914
572 -9.89914
573 -9.77201
574 -9.77201
575 -9.77201
576 -9.77201
577 -9.77201
578 -9.77201
579 -9.77201
580 -9.77201
581 -9.77201
582 -9.77201
583 -9.77201
584 -9.77201
585 -9.77201
586 -9.77201
587 -9.77201
588 -9.77201
589 -9.77201
590 -9.77201
591 -9.77201
592 -9.77201
593 -9.77201
594 -9.65199
595 -9.65199
596 -9.65199
597 -9.65199
598 -9.65199
599 -9.65199
600 -9.65199
601 -9.65199
602 -9.65199
603 -9.55147
604 -9.55147
605 -9.55147
606 -9.55147
607 -9.55147
608 -9.55147
609 -9.55147
610 -9.55147
611 -9.55147
612 -9.55147
613 -9.55147
614 -9.55147
615 -9.55147
616 -9.55147
617 -9.55147
618 -9.55147
619 -9.55147
620 -9.55147
621 -9.55147
622 -9.55147
623 -9.55147
624 -9.55147
625 -9.55147
626 -9.55147
627 -9.55147
628 -9.55147
629 -9.55147
630 -9.55147
631 -9.55147
632 -9.55147
633 -9.55147
634 -9.55147
635 -9.55147
636 -9.55147
637 -9.55147
638 -9.55147
639 -9.55147
640 -9.55147
641 -9.55147
642 -9.55147
643 -9.55147
644 -9.55147
645 -9.55147
646 -9.55147
647 -9.55147
648 -9.55147
649 -9.55147
650 -9.55147
651 -9.55147
652 -9.55147
653 -9.55147
654 -9.55147
655 -9.55147
656 -9.55147
657 -9.55147
658 -9.55147
659 -9.55147
660 -9.55147
661 -9.55147
662 -9.55147
663 -9.55147
664 -9.55147
665 -9.55147
666 -9.55147
667 -9.55147
668 -9.55147
669 -9.55147
670 -9.55147
671 -9.55147
672 -9.55147
673 -9.55147
674 -9.55147
675 -9.55147
676 -9.55147
677 -9.55147
678 -9.55147
679 -9.55147
680 -9.54162
681 -9.54162
682 -9.54162
683 -9.54162
684 -9.49551
685 -9.49551
686 -9.49551
687 -9.49551
688 -9.49551
689 -9.49551
690 -9.49551
691 -9.49551
692 -9.49551
693 -9.49551
694 -9.49551
695 -9.49551
696 -9.49551
697 -9.49551
698 -9.49551
699 -9.49551
700 -9.49551
701 -9.49551
702 -9.49551
703 -9.49551
704 -9.49551
705 -9.49551
706 -9.49551
707 -9.49551
708 -9.49551
709 -9.49551
710 -9.49551
711 -9.49551
712 -9.49551
713 -9.49551
714 -9.49551
715 -9.49551
716 -9.49551
717 -9.49551
718 -9.49551
719 -9.49551
720 -9.49551
721 -9.49551
722 -9.49551
723 -9.49551
724 -9.49551
725 -9.49551
726 -9.49551
727 -9.49551
728 -9.49551
729 -9.49551
730 -9.49551
731 -9.49551
732 -9.49551
733 -9.49551
734 -9.49551
735 -9.49551
736 -9.49551
737 -9.49551
738 -9.49551
739 -9.49551
740 -9.49551
741 -9.49551
742 -9.49551
743 -9.49551
744 -9.49551
745 -9.49551
746 -9.49551
747 -9.49551
748 -9.49551
749 -9.49551
750 -9.49551
751 -9.49551
752 -9.49551
753 -9.49551
754 -9.49551
755 -9.49551
756 -9.49551
757 -9.49551
758 -9.49551
759 -9.49551
760 -9.49551
761 -9.49551
762 -9.49551
763 -9.49551
764 -9.49551
765 -9.49551
766 -9.49551
767 -9.49551
768 -9.49551
769 -9.49551
770 -9.49551
771 -9.49551
772 -9.49551
773 -9.49551
774 -9.49551
775 -9.49551
776 -9.49551
777 -9.49551
778 -9.49551
779 -9.49551
780 -9.49551
781 -9.49551
782 -9.49551
783 -9.49551
784 -9.49551
785 -9.49551
786 -9.49551
787 -9.49551
788 -9.49551
789 -9.49551
790 -9.49551
791 -9.49551
792 -9.49551
793 -9.48353
794 -9.48353
795 -9.48353
796 -9.48353
797 -9.48353
798 -9.48353
799 -9.48353
800 -9.48353
801 -9.48353
802 -9.48353
803 -9.48353
804 -9.48353
805 -9.48353
806 -9.48353
807 -9.48353
808 -9.48353
809 -9.48353
810 -9.48353
811 -9.48353
812 -9.48353
813 -9.48353
814 -9.48353
815 -9.48353
816 -9.48353
817 -9.48353
818 -9.48353
819 -9.47644
820 -9.47644
821 -9.47644
822 -9.47644
823 -9.47644
824 -9.47644
825 -9.47644
826 -9.47644
827 -9.47644
828 -9.47644
829 -9.47644
830 -9.47644
831 -9.47644
832 -9.47644
833 -9.47644
834 -9.47644
835 -9.47644
836 -9.47644
837 -9.47644
838 -9.47644
839 -9.47644
840 -9.47644
841 -9.47644
842 -9.47644
843 -9.47644
844 -9.47644
845 -9.47644
846 -9.47644
847 -9.47644
848 -9.47644
849 -9.47644
850 -9.47644
851 -9.47644
852 -9.47644
853 -9.47644
854 -9.47644
855 -9.47644
856 -9.47644
857 -9.47644
858 -9.47644
859 -9.47644
860 -9.47644
861 -9.47644
862 -9.47644
863 -9.47644
864 -9.47644
865 -9.47644
866 -9.47644
867 -9.47644
868 -9.47644
869 -9.47644
870 -9.47644
871 -9.47644
872 -9.46378
873 -9.46378
874 -9.46378
875 -9.46378
876 -9.46378
877 -9.46378
878 -9.46378
879 -9.46378
880 -9.46378
881 -9.46378
882 -9.46378
883 -9.46378
884 -9.46378
885 -9.46378
886 -9.46378
887 -9.46378
888 -9.46378
889 -9.46378
890 -9.46378
891 -9.46378
892 -9.45959
893 -9.45959
894 -9.45959
895 -9.45959
896 -9.45959
897 -9.45959
898 -9.45959
899 -9.45959
900 -9.45959
901 -9.45959
902 -9.45959
903 -9.45959
904 -9.45959
905 -9.45959
906 -9.45959
907 -9.45959
908 -9.45959
909 -9.45959
910 -9.45959
911 -9.45959
912 -9.45959
913 -9.45959
914 -9.45959
915 -9.45959
916 -9.45959
917 -9.45959
918 -9.45959
919 -9.45959
920 -9.45959
921 -9.45959
922 -9.45959
923 -9.45959
924 -9.45959
925 -9.45959
926 -9.45959
927 -9.45629
928 -9.45629
929 -9.45629
930 -9.45629
931 -9.45629
932 -9.45629
933 -9.45629
934 -9.45629
935 -9.45629
936 -9.45629
937 -9.45629
938 -9.45629
939 -9.45629
940 -9.45629
941 -9.45629
942 -9.45629
943 -9.45629
944 -9.45629
945 -9.44284
946 -9.44284
947 -9.44284
948 -9.44284
949 -9.44284
950 -9.44284
951 -9.44284
952 -9.44284
953 -9.44284
954 -9.44284
955 -9.44284
956 -9.44284
957 -9.44284
958 -9.44284
959 -9.44284
960 -9.44284
961 -9.44284
962 -9.44284
963 -9.44284
964 -9.44284
965 -9.44284
966 -9.44284
967 -9.44284
968 -9.44284
969 -9.44284
970 -9.44284
971 -9.44284
972 -9.44284
973 -9.44284
974 -9.44284
975 -9.44284
976 -9.44027
977 -9.44027
978 -9.44027
979 -9.44027
980 -9.44027
981 -9.44027
982 -9.44027
983 -9.44027
984 -9.44027
985 -9.44027
986 -9.44027
987 -9.44027
988 -9.44027
989 -9.44027
990 -9.44027
991 -9.44027
992 -9.44027
993 -9.44027
994 -9.44027
995 -9.44027
996 -9.44027
997 -9.44027
998 -9.44027
999 -9.44027
