0 -4316.46
1 -4316.46
2 -4316.46
3 -4316.46
4 -4316.46
5 -4316.46
6 -4316.46
7 -4316.46
8 -4316.46
9 -4316.46
10 -4316.46
11 -4316.46
12 -4316.46
13 -4316.46
14 -4316.46
15 -4316.46
16 -4316.46
17 -4316.46
18 -4316.46
19 -4316.46
20 -4316.46
21 -4316.46
22 -4316.46
23 -4316.46
24 -4316.46
25 -4316.46
26 -4316.46
27 -4316.46
28 -4316.46
29 -4316.46
30 -4316.46
31 -4316.46
32 -4316.46
33 -4316.46
34 -4316.46
35 -4316.46
36 -4316.46
37 -4316.46
38 -4316.46
39 -4316.46
40 -4316.46
41 -4316.46
42 -4316.46
43 -4316.46
44 -4316.46
45 -4316.46
46 -4316.46
47 -4316.46
48 -4316.46
49 -4316.46
50 -4316.46
51 -4316.46
52 -4316.46
53 -4316.46
54 -4316.46
55 -4316.46
56 -4316.46
57 -4316.46
58 -4316.46
59 -4316.46
60 -4316.46
61 -4316.46
62 -4316.46
63 -3610.11
64 -3610.11
65 -3186.75
66 -3186.75
67 -2398.73
68 -2398.73
69 -2398.73
70 -2398.73
71 -2398.73
72 -2398.73
73 -2398.73
74 -2398.73
75 -2398.73
76 -2398.73
77 -2398.73
78 -2398.73
79 -2398.73
80 -2398.73
81 -2398.73
82 -2398.73
83 -2398.73
84 -2398.73
85 -2398.73
86 -2398.73
87 -2398.73
88 -2398.73
89 -2398.73
90 -2398.73
91 -2398.73
92 -2398.73
93 -2398.73
94 -2398.73
95 -2398.73
96 -2398.73
97 -2398.73
98 -2398.73
99 -2398.73
100 -2398.73
101 -2398.73
102 -2398.73
103 -2398.73
104 -2398.73
105 -2069.66
106 -2069.66
107 -2069.66
108 -2069.66
109 -2069.66
110 -2069.66
111 -2069.66
112 -2069.66
113 -2069.66
114 -2069.66
115 -2069.66
116 -2069.66
117 -2069.66
118 -2069.66
119 -2069.66
120 -2069.66
121 -2069.66
122 -2069.66
123 -2069.66
124 -2069.66
125 -2069.66
126 -2069.66
127 -2069.66
128 -2069.66
129 -2069.66
130 -1944.44
131 -1944.44
132 -1944.44
133 -1944.44
134 -1944.44
135 -1865.35
136 -1865.35
137 -1853.81
138 -1853.81
139 -1853.81
140 -1853.81
141 -1853.81
142 -1853.81
143 -1853.81
144 -1853.81
145 -1853.81
146 -1038.17
147 -1038.17
148 -1025.67
149 -1025.67
150 -1025.67
151 -1025.67
152 -1025.67
153 -1025.67
154 -1025.67
155 -1025.67
156 -1025.67
157 -1025.67
158 -1025.67
159 -1025.67
160 -1025.67
161 -1025.67
162 -1025.67
163 -1025.67
164 -1025.67
165 -1025.67
166 -1025.67
167 -1025.67
168 -1025.67
169 -1025.67
170 -888.317
171 -888.317
172 -888.317
173 -888.317
174 -888.317
175 -888.317
176 -888.317
177 -888.317
178 -888.317
179 -888.317
180 -888.317
181 -888.317
182 -888.317
183 -888.317
184 -888.317
185 -888.317
186 -888.317
187 -888.317
188 -572.289
189 -572.289
190 -572.289
191 -572.289
192 -572.289
193 -572.289
194 -572.289
195 -572.289
196 -572.289
197 -572.289
198 -572.289
199 -572.289
200 -572.289
201 -572.289
202 -572.289
203 -572.289
204 -572.289
205 -572.289
206 -572.289
207 -572.289
208 -572.289
209 -572.289
210 -572.289
211 -572.289
212 -572.289
213 -572.289
214 -572.289
215 -572.289
216 -572.289
217 -572.289
218 -572.289
219 -572.289
220 -568.318
221 -568.318
222 -568.318
223 -568.318
224 -568.318
225 -568.318
226 -568.318
227 -568.318
228 -548.592
229 -548.592
230 -548.592
231 -548.592
232 -548.592
233 -548.592
234 -548.592
235 -548.592
236 -548.592
237 -548.592
238 -548.592
239 -548.592
240 -521.295
241 -521.295
242 -521.295
243 -521.295
244 -521.295
245 -521.295
246 -521.295
247 -467.828
248 -467.828
249 -467.828
250 -467.828
251 -462.709
252 -401.179
253 -401.179
254 -401.179
255 -401.179
256 -401.179
257 -401.179
258 -401.179
259 -401.179
260 -324.593
261 -324.593
262 -324.593
263 -324.593
264 -324.593
265 -324.593
266 -324.593
267 -324.593
268 -324.593
269 -324.593
270 -324.593
271 -324.593
272 -324.593
273 -324.593
274 -324.593
275 -324.593
276 -324.593
277 -324.593
278 -324.593
279 -324.593
280 -324.593
281 -324.593
282 -324.593
283 -324.593
284 -92.9373
285 -92.9373
286 -92.9373
287 -92.9373
288 -92.9373
289 -92.9373
290 -92.9373
291 -92.9373
292 -92.9373
293 -92.9373
294 -92.9373
295 -92.9373
296 -92.9373
297 -92.9373
298 -92.9373
299 -92.9373
300 -92.9373
301 -92.9373
302 -92.9373
303 -92.9373
304 -92.9373
305 -92.9373
306 -92.9373
307 -92.9373
308 -92.9373
309 -92.9373
310 -92.9373
311 -92.9373
312 -92.9373
313 -92.9373
314 -92.9373
315 -92.9373
316 -92.9373
317 -92.9373
318 -92.9373
319 -92.9373
320 -92.9373
321 -92.9373
322 -92.9373
323 -92.9373
324 -92.9373
325 -92.9373
326 -92.9373
327 -92.9373
328 -92.9373
329 -92.9373
330 -92.9373
331 -92.9373
332 -92.9373
333 -92.9373
334 -92.9373
335 -92.9373
336 -92.9373
337 -92.9373
338 -92.9373
339 -92.9373
340 -92.9373
341 -92.9373
342 -92.9373
343 -92.9373
344 -92.9373
345 -92.9373
346 -92.9373
347 -92.9373
348 -92.9373
349 -92.9373
350 -92.9373
351 -92.9373
352 -92.9373
353 -92.9373
354 -92.9373
355 -92.9373
356 -92.9373
357 -92.9373
358 -92.9373
359 -92.9373
360 -92.9373
361 -92.9373
362 -92.9373
363 -92.9373
364 -92.9373
365 -92.9373
366 -92.9373
367 -92.9373
368 -92.9373
369 -92.9373
370 -92.9373
371 -92.9373
372 -92.9373
373 -76.586
374 -76.586
375 -76.586
376 -76.586
377 -76.586
378 -76.586
379 -76.586
380 -76.586
381 -76.586
382 -76.586
383 -76.586
384 -76.586
385 -71.8161
386 -71.8161
387 -71.8161
388 -71.8161
389 -71.8161
390 -71.8161
391 -71.8161
392 -71.8161
393 -71.8161
394 -66.6759
395 -66.6759
396 -66.6759
397 -66.6759
398 -66.6759
399 -43.6949
400 -43.6949
401 -43.6949
402 -43.6949
403 -43.6949
404 -43.6949
405 -43.6949
406 -43.6949
407 -43.6949
408 -43.6949
409 -43.6949
410 -43.6949
411 -43.6949
412 -43.6949
413 -43.6949
414 -43.6949
415 -20.7088
416 -20.7088
417 -20.7088
418 -20.7088
419 -20.7088
420 -20.7088
421 -20.7088
422 -20.7088
423 -20.7088
424 -20.7088
425 -20.7088
426 -20.7088
427 -20.7088
428 -20.7088
429 -15.8129
430 -15.1531
431 -15.1531
432 -15.1531
433 -15.1531
434 -15.1531
435 -15.1531
436 -15.1531
437 -15.1531
438 -15.1531
439 -15.1531
440 -15.1531
441 -15.1531
442 -15.1531
443 -15.1531
444 -15.1531
445 -15.1531
446 -15.1531
447 -15.1531
448 -15.1531
449 -11.0754
450 -11.0754
451 -11.0754
452 -11.0754
453 -11.0754
454 -11.0754
455 -11.0754
456 -11.0754
457 -11.0754
458 -11.0754
459 -11.0754
460 -10.1774
461 -10.1774
462 -10.1774
463 -10.1774
464 -10.1774
465 -10.1774
466 -10.1774
467 -10.1774
468 -10.1774
469 -10.1774
470 -10.1774
471 -10.1774
472 -10.1774
473 -10.1774
474 -10.1774
475 -10.1774
476 -10.1774
477 -10.1774
478 -10.1774
479 -10.1774
480 -10.1774
481 -10.1774
482 -10.1774
483 -10.1774
484 -10.1774
485 -10.1774
486 -10.1774
487 -10.1774
488 -10.1774
489 -10.1774
490 -10.1774
491 -10.1774
492 -9.99682
493 -9.99682
494 -9.99682
495 -9.99682
496 -9.99682
497 -9.99682
498 -9.99682
499 -9.99682
500 -9.99682
501 -9.99682
502 -9.99682
503 -9.99682
504 -9.99682
505 -9.99682
506 -9.99682
507 -9.99682
508 -9.99682
509 -9.99682
510 -9.99682
511 -9.99682
512 -9.61421
513 -9.61421
514 -9.61421
515 -9.61421
516 -9.61421
517 -9.61421
518 -9.61421
519 -9.61421
520 -9.61421
521 -9.61421
522 -9.61421
523 -9.61421
524 -9.61421
525 -9.61421
526 -9.61421
527 -9.61421
528 -9.61421
529 -9.61421
530 -9.61421
531 -9.61421
532 -9.61421
533 -9.61421
534 -9.61421
535 -9.61421
536 -9.61421
537 -9.61421
538 -9.61421
539 -9.61421
540 -9.61421
541 -9.61421
542 -9.61421
543 -9.61421
544 -9.61421
545 -9.61421
546 -9.61421
547 -9.61421
548 -9.61421
549 -9.61421
550 -9.61421
551 -9.61421
552 -9.61421
553 -9.61421
554 -9.61421
555 -9.61421
556 -9.61421
557 -9.61421
558 -9.61421
559 -9.61421
560 -9.61421
561 -9.61421
562 -9.61421
563 -9.61421
564 -9.61421
565 -9.61421
566 -9.61421
567 -9.61421
568 -9.61421
569 -9.61421
570 -9.61421
571 -9.61421
572 -9.61421
573 -9.61421
574 -9.61421
575 -9.61421
576 -9.61421
577 -9.61421
578 -9.61421
579 -9.61421
580 -9.61421
581 -9.61421
582 -9.61421
583 -9.61421
584 -9.61421
585 -9.61421
586 -9.61421
587 -9.61421
588 -9.61421
589 -9.61421
590 -9.61421
591 -9.61421
592 -9.61421
593 -9.61421
594 -9.61421
595 -9.61421
596 -9.61421
597 -9.61421
598 -9.61421
599 -9.61421
600 -9.61421
601 -9.61421
602 -9.61421
603 -9.61421
604 -9.61421
605 -9.61421
606 -9.61421
607 -9.61421
608 -9.61421
609 -9.61421
610 -9.61421
611 -9.61421
612 -9.61421
613 -9.61421
614 -9.61421
615 -9.61421
616 -9.61421
617 -9.55679
618 -9.55679
619 -9.55679
620 -9.55679
621 -9.55679
622 -9.55679
623 -9.54206
624 -9.54206
625 -9.54206
626 -9.54206
627 -9.54206
628 -9.54206
629 -9.54206
630 -9.54206
631 -9.54206
632 -9.54206
633 -9.54206
634 -9.54206
635 -9.54206
636 -9.54206
637 -9.54206
638 -9.54206
639 -9.54206
640 -9.54206
641 -9.54206
642 -9.54206
643 -9.51655
644 -9.51655
645 -9.51655
646 -9.51655
647 -9.51655
648 -9.51655
649 -9.51655
650 -9.51655
651 -9.51655
652 -9.51655
653 -9.51655
654 -9.51655
655 -9.51655
656 -9.49115
657 -9.49115
658 -9.49115
659 -9.49115
660 -9.49115
661 -9.49115
662 -9.49115
663 -9.49115
664 -9.49115
665 -9.49115
666 -9.49115
667 -9.49115
668 -9.49115
669 -9.49115
670 -9.49115
671 -9.49115
672 -9.49115
673 -9.49115
674 -9.49115
675 -9.49115
676 -9.49115
677 -9.49115
678 -9.49115
679 -9.49115
680 -9.49115
681 -9.49115
682 -9.49115
683 -9.49115
684 -9.49115
685 -9.49115
686 -9.49115
687 -9.49115
688 -9.49115
689 -9.49115
690 -9.49115
691 -9.49115
692 -9.49115
693 -9.49115
694 -9.49115
695 -9.49115
696 -9.49115
697 -9.49115
698 -9.49115
699 -9.49115
700 -9.49115
701 -9.49115
702 -9.49115
703 -9.49115
704 -9.49115
705 -9.49115
706 -9.49115
707 -9.49115
708 -9.49115
709 -9.49115
710 -9.49115
711 -9.49115
712 -9.49115
713 -9.49115
714 -9.49115
715 -9.49115
716 -9.49115
717 -9.49115
718 -9.49115
719 -9.49115
720 -9.49115
721 -9.49115
722 -9.49115
723 -9.49115
724 -9.49115
725 -9.49115
726 -9.49115
727 -9.49115
728 -9.49115
729 -9.49115
730 -9.49115
731 -9.49115
732 -9.49115
733 -9.49115
734 -9.49115
735 -9.49115
736 -9.49115
737 -9.49115
738 -9.49115
739 -9.49115
740 -9.49115
741 -9.49115
742 -9.49115
743 -9.49115
744 -9.49115
745 -9.49115
746 -9.49115
747 -9.49115
748 -9.49115
749 -9.49115
750 -9.49115
751 -9.49115
752 -9.49115
753 -9.49115
754 -9.49115
755 -9.49115
756 -9.49115
757 -9.49115
758 -9.49115
759 -9.49115
760 -9.49115
761 -9.49115
762 -9.49115
763 -9.49115
764 -9.49115
765 -9.49115
766 -9.49115
767 -9.49115
768 -9.49115
769 -9.49115
770 -9.49115
771 -9.49115
772 -9.49115
773 -9.49115
774 -9.49115
775 -9.49115
776 -9.49115
777 -9.49115
778 -9.49115
779 -9.49115
780 -9.49115
781 -9.49115
782 -9.49115
783 -9.49115
784 -9.49115
785 -9.49115
786 -9.49115
787 -9.49115
788 -9.49115
789 -9.49115
790 -9.49115
791 -9.49115
792 -9.49115
793 -9.49115
794 -9.49115
795 -9.49115
796 -9.49115
797 -9.49115
798 -9.49115
799 -9.49115
800 -9.49115
801 -9.49115
802 -9.49115
803 -9.49115
804 -9.49115
805 -9.49115
806 -9.49115
807 -9.49115
808 -9.49115
809 -9.49115
810 -9.49115
811 -9.49115
812 -9.49115
813 -9.49115
814 -9.48688
815 -9.48688
816 -9.48688
817 -9.48688
818 -9.48688
819 -9.48688
820 -9.48202
821 -9.48202
822 -9.48202
823 -9.48202
824 -9.48202
825 -9.48202
826 -9.48202
827 -9.48202
828 -9.48202
829 -9.48202
830 -9.48202
831 -9.48202
832 -9.48202
833 -9.48202
834 -9.48202
835 -9.48202
836 -9.48202
837 -9.48202
838 -9.48202
839 -9.48202
840 -9.48202
841 -9.48202
842 -9.48202
843 -9.48202
844 -9.48202
845 -9.48202
846 -9.48202
847 -9.48202
848 -9.47838
849 -9.47838
850 -9.47838
851 -9.47838
852 -9.47838
853 -9.47838
854 -9.47838
855 -9.47838
856 -9.47838
857 -9.47838
858 -9.47838
859 -9.47838
860 -9.47838
861 -9.47838
862 -9.47838
863 -9.47838
864 -9.47838
865 -9.47838
866 -9.47838
867 -9.47838
868 -9.47838
869 -9.47838
870 -9.47838
871 -9.47838
872 -9.47838
873 -9.47838
874 -9.47838
875 -9.47838
876 -9.47838
877 -9.47838
878 -9.47838
879 -9.47838
880 -9.47838
881 -9.47838
882 -9.47838
883 -9.47838
884 -9.47838
885 -9.47838
886 -9.47838
887 -9.47838
888 -9.47838
889 -9.47838
890 -9.47838
891 -9.47838
892 -9.47838
893 -9.47838
894 -9.47838
895 -9.47838
896 -9.47838
897 -9.47838
898 -9.47838
899 -9.47582
900 -9.47582
901 -9.47582
902 -9.47582
903 -9.47582
904 -9.47582
905 -9.47582
906 -9.47582
907 -9.47582
908 -9.47582
909 -9.47582
910 -9.47484
911 -9.47484
912 -9.47484
913 -9.47484
914 -9.47484
915 -9.47484
916 -9.47484
917 -9.47484
918 -9.47484
919 -9.47484
920 -9.46946
921 -9.46946
922 -9.46946
923 -9.46946
924 -9.46946
925 -9.46946
926 -9.46946
927 -9.46946
928 -9.46946
929 -9.46946
930 -9.44584
931 -9.44584
932 -9.44584
933 -9.44584
934 -9.44584
935 -9.44584
936 -9.44584
937 -9.44584
938 -9.44584
939 -9.44584
940 -9.44584
941 -9.44584
942 -9.44584
943 -9.44584
944 -9.44584
945 -9.44584
946 -9.44584
947 -9.44584
948 -9.44584
949 -9.44584
950 -9.44584
951 -9.44584
952 -9.44584
953 -9.44584
954 -9.44584
955 -9.44584
956 -9.44584
957 -9.44584
958 -9.44584
959 -9.44291
960 -9.44291
961 -9.44218
962 -9.44218
963 -9.44218
964 -9.44218
965 -9.44218
966 -9.44218
967 -9.44218
968 -9.44218
969 -9.44218
970 -9.44218
971 -9.44218
972 -9.44218
973 -9.44218
974 -9.44218
975 -9.44218
976 -9.44218
977 -9.44218
978 -9.44218
979 -9.44218
980 -9.44218
981 -9.44218
982 -9.44218
983 -9.44218
984 -9.44218
985 -9.44218
986 -9.44218
987 -9.44218
988 -9.44218
989 -9.44218
990 -9.44218
991 -9.44218
992 -9.44218
993 -9.44218
994 -9.44218
995 -9.44218
996 -9.44218
997 -9.44218
998 -9.44218
999 -9.44218
