0 -4931.08
1 -4931.08
2 -4931.08
3 -4931.08
4 -4931.08
5 -4931.08
6 -4931.08
7 -4931.08
8 -4931.08
9 -4931.08
10 -4931.08
11 -4931.08
12 -4931.08
13 -4931.08
14 -4931.08
15 -4931.08
16 -4931.08
17 -4931.08
18 -4931.08
19 -4931.08
20 -4931.08
21 -4931.08
22 -4931.08
23 -4931.08
24 -4931.08
25 -4931.08
26 -4931.08
27 -4931.08
28 -4931.08
29 -4931.08
30 -4931.08
31 -4931.08
32 -4931.08
33 -3230.6
34 -3230.6
35 -3230.6
36 -3230.6
37 -3230.6
38 -3230.6
39 -3230.6
40 -3230.6
41 -3230.6
42 -3230.6
43 -3230.6
44 -3230.6
45 -3230.6
46 -3230.6
47 -3230.6
48 -3230.6
49 -3230.6
50 -3230.6
51 -3230.6
52 -2807.32
53 -2807.32
54 -2807.32
55 -2807.32
56 -2807.32
57 -2807.32
58 -2807.32
59 -1712.55
60 -1712.55
61 -1712.55
62 -1712.55
63 -1712.55
64 -1712.55
65 -1712.55
66 -1712.55
67 -1712.55
68 -1533.69
69 -1533.69
70 -1533.69
71 -1533.69
72 -1501.77
73 -1501.77
74 -1501.77
75 -1501.77
76 -747.695
77 -747.695
78 -747.695
79 -747.695
80 -747.695
81 -747.695
82 -747.695
83 -747.695
84 -747.695
85 -747.695
86 -747.695
87 -747.695
88 -747.695
89 -747.695
90 -747.695
91 -747.695
92 -747.695
93 -747.695
94 -670.93
95 -670.93
96 -670.93
97 -670.93
98 -670.93
99 -670.93
100 -670.93
101 -670.93
102 -670.93
103 -670.93
104 -670.93
105 -670.93
106 -670.93
107 -670.93
108 -660.787
109 -660.787
110 -660.787
111 -660.787
112 -660.787
113 -648.349
114 -648.349
115 -418.979
116 -418.979
117 -418.979
118 -317.295
119 -317.295
120 -317.295
121 -317.295
122 -317.295
123 -317.295
124 -317.295
125 -317.295
126 -317.295
127 -317.295
128 -317.295
129 -317.295
130 -317.295
131 -317.295
132 -317.295
133 -317.295
134 -317.295
135 -317.295
136 -317.295
137 -317.295
138 -317.295
139 -240.501
140 -240.501
141 -240.501
142 -240.501
143 -240.501
144 -240.501
145 -240.501
146 -206.561
147 -206.561
148 -206.561
149 -206.561
150 -206.561
151 -206.561
152 -192.221
153 -192.221
154 -192.221
155 -192.221
156 -192.221
157 -94.1933
158 -94.1933
159 -94.1933
160 -94.1933
161 -94.1933
162 -86.607
163 -86.607
164 -86.607
165 -86.607
166 -86.607
167 -86.607
168 -78.2209
169 -78.2209
170 -78.2209
171 -78.2209
172 -78.2209
173 -78.2209
174 -78.2209
175 -78.2209
176 -64.8407
177 -64.8407
178 -44.8975
179 -44.8975
180 -44.8975
181 -44.8975
182 -44.8975
183 -44.8975
184 -44.8975
185 -23.0783
186 -23.0783
187 -23.0783
188 -23.0783
189 -23.0783
190 -23.0783
191 -23.0783
192 -23.0783
193 -23.0783
194 -23.0783
195 -16.888
196 -16.888
197 -16.888
198 -16.888
199 -16.888
200 -16.888
201 -16.888
202 -16.888
203 -16.888
204 -16.888
205 -16.888
206 -16.888
207 -16.888
208 -16.888
209 -16.888
210 -16.888
211 -16.888
212 -16.888
213 -16.888
214 -16.888
215 -16.888
216 -16.888
217 -16.888
218 -16.888
219 -16.888
220 -16.888
221 -16.888
222 -16.888
223 -16.888
224 -16.888
225 -16.888
226 -16.888
227 -16.888
228 -16.888
229 -16.888
230 -16.888
231 -16.888
232 -16.888
233 -16.888
234 -16.888
235 -16.888
236 -16.888
237 -16.888
238 -16.888
239 -16.888
240 -16.888
241 -16.888
242 -16.4132
243 -16.4132
244 -16.4132
245 -16.4132
246 -16.4132
247 -16.4132
248 -16.4132
249 -16.4132
250 -16.4132
251 -16.4132
252 -16.4132
253 -15.5789
254 -15.5789
255 -15.5789
256 -14.2082
257 -14.2082
258 -14.2082
259 -11.9012
260 -11.9012
261 -11.9012
262 -11.9012
263 -11.9012
264 -11.9012
265 -11.9012
266 -11.9012
267 -11.9012
268 -11.9012
269 -11.9012
270 -11.9012
271 -11.9012
272 -11.9012
273 -11.9012
274 -11.9012
275 -10.6506
276 -10.6506
277 -10.6506
278 -10.6506
279 -10.6506
280 -10.6506
281 -10.6506
282 -10.6506
283 -10.6506
284 -10.6506
285 -10.6506
286 -10.6506
287 -10.6506
288 -10.6506
289 -10.6506
290 -10.6506
291 -10.6506
292 -9.70576
293 -9.70576
294 -9.70576
295 -9.70576
296 -9.70576
297 -9.70576
298 -9.70576
299 -9.70576
300 -9.70576
301 -9.70576
302 -9.70576
303 -9.70576
304 -9.70576
305 -9.70576
306 -9.70576
307 -9.70576
308 -9.70576
309 -9.70576
310 -9.70576
311 -9.70576
312 -9.70576
313 -9.70576
314 -9.70576
315 -9.70576
316 -9.70576
317 -9.70576
318 -9.70576
319 -9.70576
320 -9.70576
321 -9.70576
322 -9.70576
323 -9.70576
324 -9.70576
325 -9.70576
326 -9.70576
327 -9.70576
328 -9.70576
329 -9.70576
330 -9.70576
331 -9.70576
332 -9.70576
333 -9.70576
334 -9.70576
335 -9.70576
336 -9.70576
337 -9.70576
338 -9.68741
339 -9.68741
340 -9.66976
341 -9.66976
342 -9.66976
343 -9.66976
344 -9.66976
345 -9.66976
346 -9.54714
347 -9.54714
348 -9.54714
349 -9.54714
350 -9.54714
351 -9.54714
352 -9.54714
353 -9.54714
354 -9.54714
355 -9.54714
356 -9.54714
357 -9.54714
358 -9.54714
359 -9.54714
360 -9.54714
361 -9.54714
362 -9.54714
363 -9.54714
364 -9.54714
365 -9.54714
366 -9.54714
367 -9.54714
368 -9.54714
369 -9.54714
370 -9.54714
371 -9.54714
372 -9.54714
373 -9.54714
374 -9.54714
375 -9.54714
376 -9.54714
377 -9.54714
378 -9.54714
379 -9.54714
380 -9.54714
381 -9.54714
382 -9.54714
383 -9.54714
384 -9.54714
385 -9.54714
386 -9.54714
387 -9.54714
388 -9.54714
389 -9.54714
390 -9.54714
391 -9.54714
392 -9.54714
393 -9.54714
394 -9.54714
395 -9.54714
396 -9.54714
397 -9.54714
398 -9.54714
399 -9.54714
400 -9.54714
401 -9.54714
402 -9.54714
403 -9.54714
404 -9.54714
405 -9.54714
406 -9.54714
407 -9.54714
408 -9.54714
409 -9.54714
410 -9.54714
411 -9.54714
412 -9.54714
413 -9.54714
414 -9.54714
415 -9.54714
416 -9.54714
417 -9.54714
418 -9.54714
419 -9.54714
420 -9.54714
421 -9.54714
422 -9.54714
423 -9.54714
424 -9.54714
425 -9.54714
426 -9.54714
427 -9.54714
428 -9.54714
429 -9.54714
430 -9.54714
431 -9.54714
432 -9.54714
433 -9.54714
434 -9.54714
435 -9.54714
436 -9.54714
437 -9.54714
438 -9.54714
439 -9.54714
440 -9.54714
441 -9.54714
442 -9.54714
443 -9.54714
444 -9.54714
445 -9.54714
446 -9.52872
447 -9.52872
448 -9.52872
449 -9.52872
450 -9.52872
451 -9.52872
452 -9.52872
453 -9.52872
454 -9.52872
455 -9.52872
456 -9.52872
457 -9.52872
458 -9.52872
459 -9.52872
460 -9.52872
461 -9.52872
462 -9.52872
463 -9.52872
464 -9.52872
465 -9.52872
466 -9.52872
467 -9.52872
468 -9.52872
469 -9.52872
470 -9.52872
471 -9.52872
472 -9.52872
473 -9.52872
474 -9.52872
475 -9.52872
476 -9.52872
477 -9.52872
478 -9.52872
479 -9.52872
480 -9.52872
481 -9.52872
482 -9.52872
483 -9.52872
484 -9.52872
485 -9.52872
486 -9.52872
487 -9.52872
488 -9.52872
489 -9.52872
490 -9.52872
491 -9.52872
492 -9.52872
493 -9.52872
494 -9.52872
495 -9.52872
496 -9.52872
497 -9.52872
498 -9.52872
499 -9.5238
500 -9.5238
501 -9.5238
502 -9.5238
503 -9.5238
504 -9.5238
505 -9.5238
506 -9.5238
507 -9.5238
508 -9.5238
509 -9.51556
510 -9.51556
511 -9.51556
512 -9.51556
513 -9.51556
514 -9.51556
515 -9.51556
516 -9.51556
517 -9.51556
518 -9.51556
519 -9.51556
520 -9.51556
521 -9.51556
522 -9.51556
523 -9.51556
524 -9.51556
525 -9.51556
526 -9.51152
527 -9.51152
528 -9.51152
529 -9.51152
530 -9.51152
531 -9.51152
532 -9.51152
533 -9.51152
534 -9.51152
535 -9.51152
536 -9.51152
537 -9.51152
538 -9.51152
539 -9.51152
540 -9.5079
541 -9.5079
542 -9.49826
543 -9.49826
544 -9.49826
545 -9.49826
546 -9.49826
547 -9.48993
548 -9.48993
549 -9.48993
550 -9.48993
551 -9.48993
552 -9.48993
553 -9.48993
554 -9.48993
555 -9.48993
556 -9.48993
557 -9.48993
558 -9.4827
559 -9.4827
560 -9.4827
561 -9.4827
562 -9.4827
563 -9.4827
564 -9.47492
565 -9.47492
566 -9.47492
567 -9.47492
568 -9.47492
569 -9.47492
570 -9.47061
571 -9.47061
572 -9.47061
573 -9.47061
574 -9.47061
575 -9.47061
576 -9.47061
577 -9.47061
578 -9.47061
579 -9.47061
580 -9.47061
581 -9.47061
582 -9.47061
583 -9.47061
584 -9.47061
585 -9.47061
586 -9.47061
587 -9.47061
588 -9.47061
589 -9.47061
590 -9.47061
591 -9.47061
592 -9.47061
593 -9.47061
594 -9.47061
595 -9.47061
596 -9.47061
597 -9.47061
598 -9.44706
599 -9.44706
600 -9.44706
601 -9.44706
602 -9.44706
603 -9.44706
604 -9.44706
605 -9.44706
606 -9.44706
607 -9.44706
608 -9.44706
609 -9.44706
610 -9.44706
611 -9.44706
612 -9.44706
613 -9.44706
614 -9.44706
615 -9.44706
616 -9.44706
617 -9.44706
618 -9.44706
619 -9.44706
620 -9.44706
621 -9.44706
622 -9.44706
623 -9.44706
624 -9.44706
625 -9.44706
626 -9.44706
627 -9.44706
628 -9.44706
629 -9.44706
630 -9.44706
631 -9.44706
632 -9.44706
633 -9.44706
634 -9.44706
635 -9.44706
636 -9.44706
637 -9.44706
638 -9.44706
639 -9.44706
640 -9.44706
641 -9.44706
642 -9.44706
643 -9.44706
644 -9.44706
645 -9.44706
646 -9.44706
647 -9.44706
648 -9.44706
649 -9.44706
650 -9.44706
651 -9.44706
652 -9.44706
653 -9.44706
654 -9.44706
655 -9.44706
656 -9.44706
657 -9.44706
658 -9.44706
659 -9.44706
660 -9.44706
661 -9.44706
662 -9.44706
663 -9.44706
664 -9.44706
665 -9.44706
666 -9.44706
667 -9.44706
668 -9.44706
669 -9.44706
670 -9.44706
671 -9.44706
672 -9.44706
673 -9.44706
674 -9.44706
675 -9.44706
676 -9.44706
677 -9.44706
678 -9.44706
679 -9.44706
680 -9.44706
681 -9.44706
682 -9.44706
683 -9.44706
684 -9.44706
685 -9.44706
686 -9.44706
687 -9.44706
688 -9.44706
689 -9.44706
690 -9.44706
691 -9.44706
692 -9.44499
693 -9.44499
694 -9.44499
695 -9.44499
696 -9.44499
697 -9.44499
698 -9.44499
699 -9.43222
700 -9.43222
701 -9.43222
702 -9.43222
703 -9.43222
704 -9.43222
705 -9.43222
706 -9.43222
707 -9.43222
708 -9.43222
709 -9.43222
710 -9.43222
711 -9.43222
712 -9.43222
713 -9.43222
714 -9.43222
715 -9.43222
716 -9.43222
717 -9.43222
718 -9.43222
719 -9.43222
720 -9.43222
721 -9.43222
722 -9.43222
723 -9.43222
724 -9.43222
725 -9.43222
726 -9.43222
727 -9.43222
728 -9.43222
729 -9.43222
730 -9.43222
731 -9.43222
732 -9.43222
733 -9.43222
734 -9.43222
735 -9.43222
736 -9.43222
737 -9.43222
738 -9.43222
739 -9.43222
740 -9.43222
741 -9.43222
742 -9.43222
743 -9.43222
744 -9.43222
745 -9.43222
746 -9.43222
747 -9.43222
748 -9.43222
749 -9.43222
750 -9.43222
751 -9.43222
752 -9.43222
753 -9.43222
754 -9.43222
755 -9.43222
756 -9.43222
757 -9.43222
758 -9.43222
759 -9.43222
760 -9.43222
761 -9.43222
762 -9.43222
763 -9.43222
764 -9.43222
765 -9.43222
766 -9.43222
767 -9.43222
768 -9.43222
769 -9.43222
770 -9.43222
771 -9.43222
772 -9.43222
773 -9.43222
774 -9.43222
775 -9.43222
776 -9.43222
777 -9.43222
778 -9.43222
779 -9.43222
780 -9.43222
781 -9.43222
782 -9.43222
783 -9.43222
784 -9.43222
785 -9.43222
786 -9.43222
787 -9.43222
788 -9.43222
789 -9.43222
790 -9.43222
791 -9.43222
792 -9.43222
793 -9.43222
794 -9.43222
795 -9.43222
796 -9.43222
797 -9.43222
798 -9.43222
799 -9.43222
800 -9.43222
801 -9.43222
802 -9.43222
803 -9.43222
804 -9.43222
805 -9.43222
806 -9.43222
807 -9.43222
808 -9.43222
809 -9.43222
810 -9.43222
811 -9.43222
812 -9.43222
813 -9.43222
814 -9.43222
815 -9.43222
816 -9.42135
817 -9.42135
818 -9.42135
819 -9.42135
820 -9.42135
821 -9.42135
822 -9.42135
823 -9.42135
824 -9.42135
825 -9.42135
826 -9.42135
827 -9.42135
828 -9.42135
829 -9.42135
830 -9.42135
831 -9.42135
832 -9.42135
833 -9.42135
834 -9.42135
835 -9.42135
836 -9.42135
837 -9.42135
838 -9.42135
839 -9.42135
840 -9.42135
841 -9.42135
842 -9.42135
843 -9.42135
844 -9.42135
845 -9.42135
846 -9.42135
847 -9.42135
848 -9.42135
849 -9.42135
850 -9.42135
851 -9.42135
852 -9.42135
853 -9.42135
854 -9.42135
855 -9.42135
856 -9.42135
857 -9.42135
858 -9.42135
859 -9.42135
860 -9.42135
861 -9.42135
862 -9.42135
863 -9.42135
864 -9.42135
865 -9.42135
866 -9.42135
867 -9.42135
868 -9.42135
869 -9.42135
870 -9.42135
871 -9.42135
872 -9.42135
873 -9.42135
874 -9.42135
875 -9.42135
876 -9.42135
877 -9.42135
878 -9.42135
879 -9.42135
880 -9.42135
881 -9.42135
882 -9.42135
883 -9.42135
884 -9.42135
885 -9.42135
886 -9.42135
887 -9.42135
888 -9.42135
889 -9.42135
890 -9.42135
891 -9.42135
892 -9.42135
893 -9.42135
894 -9.42135
895 -9.4193
896 -9.4193
897 -9.4193
898 -9.4193
899 -9.4193
900 -9.4193
901 -9.4193
902 -9.4193
903 -9.4193
904 -9.4193
905 -9.4193
906 -9.4193
907 -9.4193
908 -9.4193
909 -9.4193
910 -9.4193
911 -9.4193
912 -9.4193
913 -9.4193
914 -9.4193
915 -9.4193
916 -9.4193
917 -9.4193
918 -9.4193
919 -9.4193
920 -9.4193
921 -9.4193
922 -9.4193
923 -9.4193
924 -9.4193
925 -9.4193
926 -9.4193
927 -9.4193
928 -9.4193
929 -9.4193
930 -9.4193
931 -9.4193
932 -9.4193
933 -9.4193
934 -9.4193
935 -9.4193
936 -9.4193
937 -9.4193
938 -9.4193
939 -9.4193
940 -9.4193
941 -9.4193
942 -9.4193
943 -9.4193
944 -9.4193
945 -9.4193
946 -9.4193
947 -9.4193
948 -9.4193
949 -9.4193
950 -9.4193
951 -9.4193
952 -9.4193
953 -9.4193
954 -9.4193
955 -9.4193
956 -9.4193
957 -9.4193
958 -9.4193
959 -9.4193
960 -9.4193
961 -9.4193
962 -9.4193
963 -9.4193
964 -9.4193
965 -9.4193
966 -9.4193
967 -9.4193
968 -9.4193
969 -9.4193
970 -9.4193
971 -9.4193
972 -9.4193
973 -9.4193
974 -9.4193
975 -9.4193
976 -9.4193
977 -9.4193
978 -9.4193
979 -9.4193
980 -9.4193
981 -9.4193
982 -9.4193
983 -9.4193
984 -9.4193
985 -9.4193
986 -9.4193
987 -9.4193
988 -9.4193
989 -9.4193
990 -9.4193
991 -9.4193
992 -9.4193
993 -9.4193
994 -9.4193
995 -9.4193
996 -9.4193
997 -9.4193
998 -9.4193
999 -9.4193
