0 -7130.5
1 -7130.5
2 -7130.5
3 -7130.5
4 -7130.5
5 -5793.27
6 -5793.27
7 -5793.27
8 -5793.27
9 -5793.27
10 -5793.27
11 -5793.27
12 -5793.27
13 -5793.27
14 -5793.27
15 -5793.27
16 -5793.27
17 -5793.27
18 -5793.27
19 -5665.17
20 -5665.17
21 -5665.17
22 -4182.31
23 -4182.31
24 -3803.18
25 -3803.18
26 -3803.18
27 -3803.18
28 -2071.9
29 -2071.9
30 -2071.9
31 -2071.9
32 -2071.9
33 -2071.9
34 -2071.9
35 -2071.9
36 -2071.9
37 -2071.9
38 -2071.9
39 -2071.9
40 -2071.9
41 -2071.9
42 -2071.9
43 -2071.9
44 -2071.9
45 -2071.9
46 -2071.9
47 -2071.9
48 -2071.9
49 -2071.9
50 -2071.9
51 -2071.9
52 -2071.9
53 -2071.9
54 -2071.9
55 -2071.9
56 -2071.9
57 -2071.9
58 -2071.9
59 -2071.9
60 -2071.9
61 -2071.9
62 -2071.9
63 -1156.72
64 -1156.72
65 -1116.03
66 -1116.03
67 -1116.03
68 -1116.03
69 -1116.03
70 -1116.03
71 -1116.03
72 -1116.03
73 -1116.03
74 -1116.03
75 -1116.03
76 -1046.44
77 -1046.44
78 -1046.44
79 -1046.44
80 -1046.44
81 -1046.44
82 -1046.44
83 -1046.44
84 -917.696
85 -917.696
86 -917.696
87 -917.696
88 -739.463
89 -739.463
90 -739.463
91 -621.826
92 -570.454
93 -570.454
94 -570.454
95 -570.454
96 -570.454
97 -570.454
98 -461.282
99 -461.282
100 -461.282
101 -461.282
102 -445.284
103 -335.257
104 -335.257
105 -335.257
106 -335.257
107 -335.257
108 -335.257
109 -335.257
110 -335.257
111 -335.257
112 -335.257
113 -335.257
114 -226.069
115 -226.069
116 -226.069
117 -226.069
118 -226.069
119 -226.069
120 -226.069
121 -226.069
122 -226.069
123 -226.069
124 -226.069
125 -43.8057
126 -43.8057
127 -43.8057
128 -43.8057
129 -43.8057
130 -43.8057
131 -43.8057
132 -43.8057
133 -43.8057
134 -43.8057
135 -43.8057
136 -43.8057
137 -43.8057
138 -43.8057
139 -43.8057
140 -43.8057
141 -43.8057
142 -43.8057
143 -43.8057
144 -43.8057
145 -43.8057
146 -43.8057
147 -43.8057
148 -43.8057
149 -43.8057
150 -43.8057
151 -43.8057
152 -43.8057
153 -43.8057
154 -43.8057
155 -43.8057
156 -43.8057
157 -43.8057
158 -43.8057
159 -43.8057
160 -43.8057
161 -43.8057
162 -43.8057
163 -12.0401
164 -12.0401
165 -12.0401
166 -12.0401
167 -12.0401
168 -12.0401
169 -12.0401
170 -12.0401
171 -12.0401
172 -12.0401
173 -12.0401
174 -12.0401
175 -12.0401
176 -12.0401
177 -12.0401
178 -12.0401
179 -12.0401
180 -12.0401
181 -12.0401
182 -12.0401
183 -12.0401
184 -12.0401
185 -12.0401
186 -12.0401
187 -12.0401
188 -12.0401
189 -12.0401
190 -12.0401
191 -12.0401
192 -12.0401
193 -12.0401
194 -12.0401
195 -12.0401
196 -12.0401
197 -12.0401
198 -12.0401
199 -12.0401
200 -12.0401
201 -12.0401
202 -12.0401
203 -12.0401
204 -12.0401
205 -12.0401
206 -12.0401
207 -12.0401
208 -12.0401
209 -12.0401
210 -12.0401
211 -12.0401
212 -12.0401
213 -12.0401
214 -12.0401
215 -12.0401
216 -12.0401
217 -12.0401
218 -12.0401
219 -12.0401
220 -12.0401
221 -12.0401
222 -11.3662
223 -11.3662
224 -11.3662
225 -11.3662
226 -11.3662
227 -11.3662
228 -11.3662
229 -11.3662
230 -11.3662
231 -11.3662
232 -11.3662
233 -11.3662
234 -11.3662
235 -11.3662
236 -11.3662
237 -11.3662
238 -11.3662
239 -11.3662
240 -11.3662
241 -11.3662
242 -11.3662
243 -11.3662
244 -11.3662
245 -11.3662
246 -11.3662
247 -11.3662
248 -11.3662
249 -11.3662
250 -11.3662
251 -11.3662
252 -11.3662
253 -11.3662
254 -11.3662
255 -10.8065
256 -10.8065
257 -10.8065
258 -10.8065
259 -10.8065
260 -10.8065
261 -10.8065
262 -10.8065
263 -10.8065
264 -10.8065
265 -10.8065
266 -10.8065
267 -10.8065
268 -10.8065
269 -10.5067
270 -10.5067
271 -10.5067
272 -10.5067
273 -10.5067
274 -9.81501
275 -9.81501
276 -9.81501
277 -9.81501
278 -9.81501
279 -9.81501
280 -9.81501
281 -9.81501
282 -9.81501
283 -9.69676
284 -9.69676
285 -9.69676
286 -9.66301
287 -9.66301
288 -9.66301
289 -9.66301
290 -9.66301
291 -9.66301
292 -9.66301
293 -9.66301
294 -9.66301
295 -9.66301
296 -9.66301
297 -9.66301
298 -9.66301
299 -9.66301
300 -9.66301
301 -9.66301
302 -9.66301
303 -9.66301
304 -9.66301
305 -9.66301
306 -9.66301
307 -9.66301
308 -9.66301
309 -9.66301
310 -9.66301
311 -9.66301
312 -9.66301
313 -9.66301
314 -9.66301
315 -9.66301
316 -9.66301
317 -9.66301
318 -9.66301
319 -9.66301
320 -9.66301
321 -9.66301
322 -9.66301
323 -9.64351
324 -9.64351
325 -9.64351
326 -9.64351
327 -9.64351
328 -9.64351
329 -9.64351
330 -9.64351
331 -9.64351
332 -9.64351
333 -9.64351
334 -9.64351
335 -9.64351
336 -9.64351
337 -9.64351
338 -9.64351
339 -9.64351
340 -9.64351
341 -9.64351
342 -9.64351
343 -9.64351
344 -9.64351
345 -9.62475
346 -9.62475
347 -9.62475
348 -9.62475
349 -9.62475
350 -9.62475
351 -9.62475
352 -9.62475
353 -9.62475
354 -9.62475
355 -9.62475
356 -9.62475
357 -9.62475
358 -9.62475
359 -9.62475
360 -9.62475
361 -9.62475
362 -9.62475
363 -9.62475
364 -9.62475
365 -9.62475
366 -9.62475
367 -9.62475
368 -9.62475
369 -9.62475
370 -9.62475
371 -9.60553
372 -9.60553
373 -9.60553
374 -9.60553
375 -9.60553
376 -9.60553
377 -9.60553
378 -9.60553
379 -9.60553
380 -9.60553
381 -9.60553
382 -9.60553
383 -9.6003
384 -9.6003
385 -9.6003
386 -9.6003
387 -9.54992
388 -9.54992
389 -9.54878
390 -9.54878
391 -9.54878
392 -9.54878
393 -9.54878
394 -9.54878
395 -9.54878
396 -9.54878
397 -9.54878
398 -9.54878
399 -9.54878
400 -9.54878
401 -9.54878
402 -9.54878
403 -9.54878
404 -9.54878
405 -9.54878
406 -9.54878
407 -9.54878
408 -9.54878
409 -9.54878
410 -9.49619
411 -9.49619
412 -9.49619
413 -9.49619
414 -9.49619
415 -9.49619
416 -9.49619
417 -9.49619
418 -9.49619
419 -9.49619
420 -9.49619
421 -9.49619
422 -9.49619
423 -9.49619
424 -9.49619
425 -9.49619
426 -9.49619
427 -9.49619
428 -9.49619
429 -9.49619
430 -9.49619
431 -9.49619
432 -9.49619
433 -9.49619
434 -9.49619
435 -9.49619
436 -9.49619
437 -9.49619
438 -9.49619
439 -9.49619
440 -9.49619
441 -9.49619
442 -9.49619
443 -9.49619
444 -9.49619
445 -9.49619
446 -9.49619
447 -9.49619
448 -9.49619
449 -9.49619
450 -9.49619
451 -9.49619
452 -9.49619
453 -9.49619
454 -9.49619
455 -9.49619
456 -9.49619
457 -9.49619
458 -9.49619
459 -9.49619
460 -9.49619
461 -9.49619
462 -9.49619
463 -9.49619
464 -9.49619
465 -9.49619
466 -9.49619
467 -9.49619
468 -9.49619
469 -9.49619
470 -9.49619
471 -9.49619
472 -9.49619
473 -9.49619
474 -9.49619
475 -9.49619
476 -9.49619
477 -9.49619
478 -9.49619
479 -9.49619
480 -9.49619
481 -9.49619
482 -9.49619
483 -9.49619
484 -9.49619
485 -9.49619
486 -9.49619
487 -9.49077
488 -9.49077
489 -9.49077
490 -9.49077
491 -9.49077
492 -9.49077
493 -9.49077
494 -9.49077
495 -9.49077
496 -9.49077
497 -9.49077
498 -9.49077
499 -9.49077
500 -9.49077
501 -9.49077
502 -9.49077
503 -9.49077
504 -9.49077
505 -9.49077
506 -9.49077
507 -9.49077
508 -9.49077
509 -9.49077
510 -9.49077
511 -9.49077
512 -9.49077
513 -9.49077
514 -9.49077
515 -9.49077
516 -9.48695
517 -9.48695
518 -9.48695
519 -9.48695
520 -9.48695
521 -9.48695
522 -9.48695
523 -9.48695
524 -9.48695
525 -9.48695
526 -9.48695
527 -9.48695
528 -9.48695
529 -9.48695
530 -9.48695
531 -9.48695
532 -9.48695
533 -9.48695
534 -9.48695
535 -9.48695
536 -9.48695
537 -9.48695
538 -9.48695
539 -9.48695
540 -9.48695
541 -9.48695
542 -9.48695
543 -9.48695
544 -9.48695
545 -9.48695
546 -9.48695
547 -9.46393
548 -9.46393
549 -9.46393
550 -9.46393
551 -9.46393
552 -9.46393
553 -9.46393
554 -9.46393
555 -9.46393
556 -9.46393
557 -9.46393
558 -9.46393
559 -9.46393
560 -9.46393
561 -9.46393
562 -9.46393
563 -9.46393
564 -9.46393
565 -9.46393
566 -9.46393
567 -9.46393
568 -9.46393
569 -9.46393
570 -9.46393
571 -9.46393
572 -9.46393
573 -9.46393
574 -9.46393
575 -9.46393
576 -9.45053
577 -9.45053
578 -9.45053
579 -9.45053
580 -9.45053
581 -9.45053
582 -9.45053
583 -9.45053
584 -9.45053
585 -9.45053
586 -9.45053
587 -9.45053
588 -9.45053
589 -9.45053
590 -9.45053
591 -9.45053
592 -9.45053
593 -9.45053
594 -9.45053
595 -9.45053
596 -9.45053
597 -9.45053
598 -9.45053
599 -9.45053
600 -9.45053
601 -9.45053
602 -9.45053
603 -9.45053
604 -9.45053
605 -9.45053
606 -9.45053
607 -9.45053
608 -9.45053
609 -9.45053
610 -9.45053
611 -9.45053
612 -9.45053
613 -9.45053
614 -9.45053
615 -9.45053
616 -9.45053
617 -9.45053
618 -9.45053
619 -9.45053
620 -9.45053
621 -9.45053
622 -9.45053
623 -9.45053
624 -9.45053
625 -9.45053
626 -9.44979
627 -9.44979
628 -9.44979
629 -9.44979
630 -9.44979
631 -9.44979
632 -9.44979
633 -9.44979
634 -9.44979
635 -9.44979
636 -9.44979
637 -9.44979
638 -9.43582
639 -9.43582
640 -9.43582
641 -9.43582
642 -9.43582
643 -9.43582
644 -9.43582
645 -9.43582
646 -9.43582
647 -9.43582
648 -9.43582
649 -9.43582
650 -9.43582
651 -9.43582
652 -9.43582
653 -9.43582
654 -9.43582
655 -9.43582
656 -9.43582
657 -9.43582
658 -9.43582
659 -9.43582
660 -9.43582
661 -9.43582
662 -9.43582
663 -9.43582
664 -9.43582
665 -9.43582
666 -9.43582
667 -9.43582
668 -9.43582
669 -9.43582
670 -9.43582
671 -9.43582
672 -9.43582
673 -9.43582
674 -9.43494
675 -9.43494
676 -9.43494
677 -9.43494
678 -9.43494
679 -9.43494
680 -9.43494
681 -9.43494
682 -9.43494
683 -9.43494
684 -9.43494
685 -9.43494
686 -9.43494
687 -9.43494
688 -9.43494
689 -9.43494
690 -9.43494
691 -9.43494
692 -9.43494
693 -9.43494
694 -9.43494
695 -9.43494
696 -9.43494
697 -9.43494
698 -9.43494
699 -9.43494
700 -9.43494
701 -9.43494
702 -9.43494
703 -9.43494
704 -9.43494
705 -9.43494
706 -9.43494
707 -9.43494
708 -9.43494
709 -9.43494
710 -9.43494
711 -9.43494
712 -9.43494
713 -9.43494
714 -9.43494
715 -9.43494
716 -9.43494
717 -9.43494
718 -9.43494
719 -9.43494
720 -9.43494
721 -9.43494
722 -9.43494
723 -9.43494
724 -9.43494
725 -9.43494
726 -9.43494
727 -9.43494
728 -9.43494
729 -9.43494
730 -9.43494
731 -9.43494
732 -9.43494
733 -9.43494
734 -9.43494
735 -9.43494
736 -9.43494
737 -9.43494
738 -9.43494
739 -9.43494
740 -9.43058
741 -9.43058
742 -9.43058
743 -9.43058
744 -9.43058
745 -9.43058
746 -9.42904
747 -9.42904
748 -9.42904
749 -9.42904
750 -9.42904
751 -9.42904
752 -9.42904
753 -9.42904
754 -9.42904
755 -9.42904
756 -9.42904
757 -9.42904
758 -9.42904
759 -9.42904
760 -9.42904
761 -9.42904
762 -9.42904
763 -9.42904
764 -9.42904
765 -9.42904
766 -9.42904
767 -9.42904
768 -9.42904
769 -9.42904
770 -9.42904
771 -9.42904
772 -9.42904
773 -9.42904
774 -9.42904
775 -9.42904
776 -9.42904
777 -9.42904
778 -9.42904
779 -9.42904
780 -9.42904
781 -9.42904
782 -9.42904
783 -9.42904
784 -9.42904
785 -9.42904
786 -9.42904
787 -9.42904
788 -9.42904
789 -9.42904
790 -9.42904
791 -9.42904
792 -9.42904
793 -9.42904
794 -9.42904
795 -9.42904
796 -9.42904
797 -9.42904
798 -9.42904
799 -9.42904
800 -9.42904
801 -9.42904
802 -9.42904
803 -9.42904
804 -9.42904
805 -9.42904
806 -9.42904
807 -9.42904
808 -9.42904
809 -9.42904
810 -9.42904
811 -9.42904
812 -9.42904
813 -9.42292
814 -9.42292
815 -9.42292
816 -9.42292
817 -9.42292
818 -9.42292
819 -9.42292
820 -9.42292
821 -9.42292
822 -9.42292
823 -9.42292
824 -9.42292
825 -9.42292
826 -9.42292
827 -9.42292
828 -9.42292
829 -9.42292
830 -9.42292
831 -9.42292
832 -9.42292
833 -9.42292
834 -9.42292
835 -9.42292
836 -9.42292
837 -9.42292
838 -9.42292
839 -9.42292
840 -9.42292
841 -9.42292
842 -9.42292
843 -9.42292
844 -9.42292
845 -9.42292
846 -9.42292
847 -9.42292
848 -9.42292
849 -9.42292
850 -9.42292
851 -9.42292
852 -9.42292
853 -9.42292
854 -9.42292
855 -9.42292
856 -9.42292
857 -9.42292
858 -9.42292
859 -9.42292
860 -9.42292
861 -9.42292
862 -9.42292
863 -9.42292
864 -9.42292
865 -9.42292
866 -9.42292
867 -9.42292
868 -9.42292
869 -9.42292
870 -9.42292
871 -9.42292
872 -9.42292
873 -9.42292
874 -9.42292
875 -9.42292
876 -9.42292
877 -9.42292
878 -9.4226
879 -9.4226
880 -9.4226
881 -9.42116
882 -9.42116
883 -9.42116
884 -9.42116
885 -9.42116
886 -9.42116
887 -9.42116
888 -9.42116
889 -9.42116
890 -9.42116
891 -9.42116
892 -9.42116
893 -9.42116
894 -9.42116
895 -9.42116
896 -9.42116
897 -9.42116
898 -9.42116
899 -9.42116
900 -9.42116
901 -9.42116
902 -9.42116
903 -9.41709
904 -9.4122
905 -9.4122
906 -9.4122
907 -9.4122
908 -9.4122
909 -9.4122
910 -9.4122
911 -9.4122
912 -9.4122
913 -9.4122
914 -9.4122
915 -9.4122
916 -9.4122
917 -9.4122
918 -9.4122
919 -9.4122
920 -9.4122
921 -9.4122
922 -9.4122
923 -9.4122
924 -9.4122
925 -9.4122
926 -9.4122
927 -9.4122
928 -9.4122
929 -9.4122
930 -9.4122
931 -9.4122
932 -9.4122
933 -9.4122
934 -9.4122
935 -9.4122
936 -9.4122
937 -9.4122
938 -9.4122
939 -9.4122
940 -9.4122
941 -9.4122
942 -9.4122
943 -9.4122
944 -9.4122
945 -9.4122
946 -9.4122
947 -9.4122
948 -9.4122
949 -9.4122
950 -9.4122
951 -9.4122
952 -9.4122
953 -9.4122
954 -9.4122
955 -9.4122
956 -9.4122
957 -9.4122
958 -9.4122
959 -9.4122
960 -9.4122
961 -9.4122
962 -9.4122
963 -9.4122
964 -9.4122
965 -9.4122
966 -9.4122
967 -9.4122
968 -9.4122
969 -9.4122
970 -9.4122
971 -9.4122
972 -9.4122
973 -9.4122
974 -9.4122
975 -9.4122
976 -9.4122
977 -9.4122
978 -9.4122
979 -9.4122
980 -9.4122
981 -9.41178
982 -9.41178
983 -9.41178
984 -9.41178
985 -9.41178
986 -9.41178
987 -9.41178
988 -9.41178
989 -9.41178
990 -9.41178
991 -9.41178
992 -9.41178
993 -9.41178
994 -9.41178
995 -9.41178
996 -9.41178
997 -9.41178
998 -9.41178
999 -9.41178
