0 -7071.43
1 -7071.43
2 -7071.43
3 -7071.43
4 -7071.43
5 -7071.43
6 -7071.43
7 -7071.43
8 -7071.43
9 -7071.43
10 -7071.43
11 -7071.43
12 -7071.43
13 -7071.43
14 -7071.43
15 -7071.43
16 -7071.43
17 -7071.43
18 -7071.43
19 -7071.43
20 -7071.43
21 -7071.43
22 -7071.43
23 -7071.43
24 -7071.43
25 -7071.43
26 -7071.43
27 -7071.43
28 -7071.43
29 -7071.43
30 -7071.43
31 -7071.43
32 -7071.43
33 -7071.43
34 -7071.43
35 -4740.02
36 -4740.02
37 -4740.02
38 -4740.02
39 -4740.02
40 -4740.02
41 -4740.02
42 -4740.02
43 -4740.02
44 -4444.18
45 -4444.18
46 -4444.18
47 -4444.18
48 -4444.18
49 -4444.18
50 -4444.18
51 -4444.18
52 -4444.18
53 -4444.18
54 -4427.58
55 -4427.58
56 -4427.58
57 -4427.58
58 -4427.58
59 -4427.58
60 -4427.58
61 -4427.58
62 -4427.58
63 -4427.58
64 -4427.58
65 -4427.58
66 -4427.58
67 -4427.58
68 -4427.58
69 -4392.74
70 -4392.74
71 -4014.95
72 -4014.95
73 -4014.95
74 -4014.95
75 -4014.95
76 -1720.33
77 -1720.33
78 -1720.33
79 -1720.33
80 -1720.33
81 -1720.33
82 -1720.33
83 -1720.33
84 -1720.33
85 -1720.33
86 -1720.33
87 -1720.33
88 -1720.33
89 -1720.33
90 -1720.33
91 -1720.33
92 -1720.33
93 -1720.33
94 -1720.33
95 -1720.33
96 -1720.33
97 -1720.33
98 -1720.33
99 -1720.33
100 -1720.33
101 -1720.33
102 -1720.33
103 -1720.33
104 -1720.33
105 -1720.33
106 -1720.33
107 -1720.33
108 -1720.33
109 -1720.33
110 -1720.33
111 -1720.33
112 -1720.33
113 -1720.33
114 -1720.33
115 -1720.33
116 -1720.33
117 -1720.33
118 -1720.33
119 -1720.33
120 -1720.33
121 -1720.33
122 -1720.33
123 -1720.33
124 -1720.33
125 -1720.33
126 -1720.33
127 -1720.33
128 -1720.33
129 -1720.33
130 -1720.33
131 -1720.33
132 -1720.33
133 -1720.33
134 -1720.33
135 -1720.33
136 -1720.33
137 -1720.33
138 -1720.33
139 -1720.33
140 -1720.33
141 -1720.33
142 -1720.33
143 -1425.78
144 -1425.78
145 -1425.78
146 -1425.78
147 -1425.78
148 -1425.78
149 -1425.78
150 -1425.78
151 -1425.78
152 -1425.78
153 -1425.78
154 -1425.78
155 -1425.78
156 -1425.78
157 -1425.78
158 -1425.78
159 -1425.78
160 -1425.78
161 -1425.78
162 -1425.78
163 -1425.78
164 -1425.78
165 -1425.78
166 -1425.78
167 -1425.78
168 -1425.78
169 -1425.78
170 -1425.78
171 -831.922
172 -831.922
173 -831.922
174 -831.922
175 -831.922
176 -831.922
177 -831.922
178 -831.922
179 -831.922
180 -831.922
181 -831.922
182 -831.922
183 -831.922
184 -831.922
185 -831.922
186 -831.922
187 -831.922
188 -831.922
189 -831.922
190 -831.922
191 -831.922
192 -831.922
193 -831.922
194 -831.922
195 -831.922
196 -749.937
197 -749.937
198 -749.937
199 -749.937
200 -749.937
201 -749.937
202 -749.937
203 -749.937
204 -749.937
205 -749.937
206 -749.937
207 -749.937
208 -749.937
209 -749.937
210 -749.937
211 -725.724
212 -725.724
213 -373.898
214 -373.898
215 -373.898
216 -373.898
217 -373.898
218 -373.898
219 -373.898
220 -373.898
221 -373.898
222 -373.898
223 -373.898
224 -373.898
225 -373.898
226 -373.898
227 -373.898
228 -373.898
229 -373.898
230 -373.898
231 -373.898
232 -373.898
233 -373.898
234 -373.898
235 -373.898
236 -373.898
237 -373.898
238 -373.898
239 -373.898
240 -373.898
241 -373.898
242 -373.898
243 -373.898
244 -303.96
245 -303.96
246 -303.96
247 -303.96
248 -303.96
249 -303.96
250 -303.96
251 -303.96
252 -303.96
253 -303.96
254 -303.96
255 -303.96
256 -303.96
257 -303.96
258 -303.96
259 -303.96
260 -303.96
261 -303.96
262 -303.96
263 -303.96
264 -303.96
265 -303.96
266 -303.96
267 -303.96
268 -303.96
269 -303.96
270 -303.96
271 -303.96
272 -303.96
273 -303.96
274 -303.96
275 -303.96
276 -303.96
277 -303.96
278 -303.96
279 -303.96
280 -303.96
281 -303.96
282 -303.96
283 -264.999
284 -264.999
285 -264.999
286 -264.999
287 -264.999
288 -264.999
289 -264.999
290 -264.999
291 -264.999
292 -264.999
293 -264.999
294 -264.999
295 -264.999
296 -264.999
297 -264.999
298 -230.143
299 -230.143
300 -230.143
301 -149.31
302 -149.31
303 -149.31
304 -149.31
305 -149.31
306 -149.31
307 -149.31
308 -149.31
309 -149.31
310 -149.31
311 -149.31
312 -149.31
313 -149.31
314 -149.31
315 -149.31
316 -149.31
317 -149.31
318 -149.31
319 -149.31
320 -149.31
321 -149.31
322 -149.31
323 -149.31
324 -149.31
325 -137.84
326 -137.84
327 -137.84
328 -137.84
329 -137.84
330 -137.84
331 -137.84
332 -137.84
333 -137.84
334 -137.84
335 -137.84
336 -137.84
337 -137.84
338 -137.84
339 -137.84
340 -137.84
341 -137.84
342 -137.84
343 -137.84
344 -137.84
345 -96.426
346 -61.4535
347 -61.4535
348 -61.4535
349 -49.865
350 -49.865
351 -49.865
352 -49.865
353 -49.865
354 -49.865
355 -49.865
356 -49.865
357 -49.865
358 -49.865
359 -49.865
360 -49.865
361 -49.865
362 -49.865
363 -49.865
364 -49.865
365 -49.865
366 -49.865
367 -49.865
368 -49.865
369 -49.865
370 -49.865
371 -49.865
372 -49.865
373 -49.865
374 -49.865
375 -49.865
376 -49.865
377 -49.865
378 -49.865
379 -49.865
380 -49.865
381 -43.4824
382 -42.6532
383 -42.6532
384 -42.6532
385 -42.6532
386 -42.6532
387 -42.6532
388 -42.6532
389 -42.6532
390 -42.6532
391 -42.6532
392 -42.6532
393 -42.6532
394 -42.6532
395 -41.1681
396 -41.1681
397 -41.1681
398 -41.1681
399 -36.2258
400 -36.2258
401 -36.2258
402 -36.2258
403 -33.2695
404 -33.2695
405 -25.8501
406 -25.8501
407 -25.8501
408 -25.8501
409 -25.8501
410 -25.8501
411 -25.8501
412 -25.8501
413 -25.8501
414 -25.8501
415 -25.8501
416 -25.8501
417 -25.8501
418 -25.8501
419 -25.8501
420 -25.8501
421 -25.8501
422 -25.8501
423 -14.0068
424 -14.0068
425 -14.0068
426 -12.9268
427 -12.9268
428 -12.9268
429 -12.9268
430 -12.9268
431 -12.9268
432 -12.9268
433 -12.9268
434 -12.9268
435 -12.9268
436 -12.9268
437 -12.9268
438 -12.9268
439 -12.9268
440 -12.9268
441 -12.9268
442 -12.9268
443 -12.9268
444 -12.9268
445 -12.9268
446 -12.9268
447 -12.9268
448 -12.9268
449 -12.9268
450 -12.9268
451 -12.9268
452 -12.9268
453 -12.9268
454 -12.9268
455 -12.9268
456 -12.9268
457 -12.0741
458 -12.0741
459 -12.0741
460 -12.0741
461 -12.0741
462 -12.0741
463 -12.0741
464 -12.0741
465 -12.0741
466 -12.0741
467 -12.0741
468 -12.0741
469 -12.0741
470 -12.0741
471 -12.0741
472 -12.0741
473 -12.0741
474 -12.0741
475 -12.0741
476 -12.0741
477 -12.0741
478 -12.0741
479 -12.0741
480 -12.0741
481 -12.0741
482 -12.0741
483 -12.0741
484 -10.679
485 -10.6086
486 -10.6086
487 -10.6086
488 -10.6086
489 -10.6086
490 -10.6086
491 -10.6086
492 -10.6086
493 -10.6086
494 -10.6086
495 -10.6086
496 -10.6086
497 -10.6086
498 -10.6086
499 -10.6086
500 -10.6086
501 -10.6086
502 -10.6086
503 -10.6086
504 -10.6086
505 -10.6086
506 -10.6086
507 -10.6086
508 -10.6086
509 -10.6086
510 -10.6086
511 -10.6086
512 -10.6086
513 -10.6086
514 -10.6086
515 -10.6086
516 -10.6086
517 -10.6086
518 -10.6086
519 -10.6086
520 -10.6086
521 -10.6086
522 -10.6086
523 -10.6086
524 -10.6086
525 -10.6086
526 -10.6086
527 -10.6086
528 -10.6086
529 -10.6086
530 -10.6086
531 -10.6086
532 -10.6086
533 -10.6086
534 -10.6086
535 -10.6086
536 -10.6086
537 -10.6086
538 -10.6086
539 -10.6086
540 -10.4183
541 -10.4183
542 -10.4183
543 -10.4183
544 -10.4183
545 -10.4183
546 -10.4183
547 -9.91431
548 -9.91431
549 -9.91431
550 -9.91431
551 -9.91431
552 -9.91431
553 -9.91431
554 -9.91431
555 -9.91431
556 -9.91431
557 -9.91431
558 -9.91431
559 -9.91431
560 -9.91431
561 -9.91431
562 -9.91431
563 -9.91431
564 -9.91431
565 -9.91431
566 -9.91431
567 -9.91431
568 -9.91431
569 -9.91431
570 -9.56097
571 -9.56097
572 -9.56097
573 -9.56097
574 -9.56097
575 -9.56097
576 -9.56097
577 -9.56097
578 -9.56097
579 -9.56097
580 -9.56097
581 -9.56097
582 -9.56097
583 -9.56097
584 -9.56097
585 -9.56097
586 -9.56097
587 -9.56097
588 -9.56097
589 -9.56097
590 -9.56097
591 -9.56097
592 -9.56097
593 -9.56097
594 -9.56097
595 -9.56097
596 -9.56097
597 -9.56097
598 -9.56097
599 -9.56097
600 -9.56097
601 -9.56097
602 -9.56097
603 -9.56097
604 -9.56097
605 -9.56097
606 -9.56097
607 -9.56097
608 -9.56097
609 -9.56097
610 -9.56097
611 -9.56097
612 -9.56097
613 -9.56097
614 -9.56097
615 -9.56097
616 -9.56097
617 -9.56097
618 -9.56097
619 -9.56097
620 -9.56097
621 -9.56097
622 -9.56097
623 -9.56097
624 -9.56097
625 -9.56097
626 -9.56097
627 -9.56097
628 -9.56097
629 -9.56097
630 -9.56097
631 -9.56097
632 -9.56097
633 -9.56097
634 -9.56097
635 -9.56097
636 -9.56097
637 -9.56097
638 -9.56097
639 -9.56097
640 -9.56097
641 -9.56097
642 -9.56097
643 -9.56097
644 -9.56097
645 -9.56097
646 -9.56097
647 -9.56097
648 -9.56097
649 -9.56097
650 -9.56097
651 -9.56097
652 -9.56097
653 -9.56097
654 -9.56097
655 -9.56097
656 -9.56097
657 -9.56097
658 -9.56097
659 -9.56097
660 -9.56097
661 -9.56097
662 -9.56097
663 -9.56097
664 -9.56097
665 -9.56097
666 -9.56097
667 -9.56097
668 -9.56097
669 -9.56097
670 -9.56097
671 -9.56097
672 -9.56097
673 -9.56097
674 -9.56097
675 -9.56097
676 -9.56097
677 -9.56097
678 -9.56097
679 -9.56097
680 -9.56097
681 -9.56097
682 -9.56097
683 -9.56097
684 -9.56097
685 -9.56097
686 -9.56097
687 -9.56097
688 -9.56097
689 -9.56097
690 -9.56097
691 -9.56097
692 -9.56097
693 -9.56097
694 -9.56097
695 -9.56097
696 -9.56097
697 -9.56097
698 -9.56097
699 -9.56097
700 -9.56097
701 -9.56097
702 -9.56097
703 -9.56097
704 -9.56097
705 -9.56097
706 -9.56097
707 -9.56097
708 -9.56097
709 -9.56097
710 -9.56097
711 -9.56097
712 -9.56097
713 -9.56097
714 -9.56097
715 -9.56097
716 -9.56097
717 -9.56097
718 -9.56097
719 -9.56097
720 -9.56097
721 -9.56097
722 -9.56097
723 -9.56097
724 -9.56097
725 -9.56097
726 -9.56097
727 -9.56097
728 -9.56097
729 -9.56097
730 -9.56097
731 -9.56097
732 -9.56097
733 -9.56097
734 -9.55055
735 -9.55055
736 -9.55055
737 -9.55055
738 -9.54603
739 -9.54603
740 -9.54603
741 -9.54603
742 -9.54603
743 -9.54603
744 -9.54603
745 -9.54603
746 -9.54603
747 -9.54603
748 -9.52439
749 -9.52439
750 -9.52439
751 -9.52439
752 -9.52439
753 -9.52439
754 -9.52439
755 -9.52439
756 -9.52439
757 -9.52439
758 -9.52439
759 -9.52439
760 -9.52439
761 -9.52439
762 -9.52439
763 -9.52439
764 -9.52439
765 -9.52439
766 -9.52439
767 -9.52439
768 -9.52439
769 -9.52439
770 -9.52439
771 -9.52439
772 -9.52439
773 -9.52439
774 -9.52439
775 -9.52439
776 -9.52439
777 -9.52439
778 -9.52439
779 -9.52439
780 -9.52439
781 -9.52439
782 -9.52439
783 -9.52439
784 -9.52439
785 -9.50517
786 -9.50517
787 -9.50517
788 -9.50517
789 -9.50517
790 -9.50517
791 -9.50517
792 -9.50517
793 -9.50517
794 -9.50517
795 -9.50517
796 -9.50517
797 -9.50517
798 -9.50517
799 -9.49775
800 -9.49775
801 -9.49775
802 -9.49775
803 -9.49775
804 -9.49135
805 -9.49135
806 -9.49135
807 -9.4897
808 -9.4897
809 -9.4897
810 -9.4897
811 -9.4897
812 -9.48043
813 -9.48043
814 -9.48043
815 -9.48043
816 -9.48043
817 -9.46444
818 -9.46444
819 -9.46444
820 -9.46444
821 -9.46444
822 -9.46444
823 -9.46444
824 -9.46444
825 -9.46444
826 -9.46444
827 -9.46444
828 -9.46444
829 -9.46444
830 -9.46444
831 -9.46444
832 -9.46444
833 -9.46444
834 -9.46444
835 -9.46444
836 -9.46444
837 -9.46444
838 -9.46444
839 -9.46444
840 -9.46444
841 -9.46444
842 -9.46444
843 -9.46444
844 -9.46444
845 -9.46444
846 -9.46444
847 -9.46444
848 -9.46444
849 -9.46444
850 -9.46444
851 -9.46444
852 -9.46444
853 -9.46444
854 -9.46444
855 -9.46444
856 -9.46444
857 -9.46444
858 -9.46444
859 -9.46444
860 -9.46444
861 -9.46444
862 -9.46444
863 -9.45648
864 -9.45648
865 -9.45648
866 -9.45283
867 -9.45283
868 -9.45283
869 -9.45283
870 -9.45283
871 -9.45283
872 -9.45283
873 -9.45283
874 -9.45283
875 -9.45283
876 -9.45283
877 -9.45283
878 -9.45283
879 -9.45283
880 -9.45283
881 -9.45283
882 -9.45283
883 -9.45283
884 -9.45283
885 -9.45283
886 -9.45283
887 -9.45283
888 -9.45283
889 -9.45283
890 -9.45283
891 -9.45283
892 -9.45283
893 -9.45283
894 -9.45283
895 -9.45283
896 -9.45283
897 -9.45283
898 -9.45283
899 -9.45283
900 -9.45283
901 -9.45283
902 -9.45283
903 -9.45283
904 -9.4497
905 -9.4497
906 -9.4497
907 -9.4497
908 -9.44708
909 -9.44708
910 -9.44708
911 -9.44708
912 -9.44708
913 -9.44708
914 -9.44708
915 -9.44708
916 -9.44708
917 -9.44708
918 -9.44708
919 -9.44708
920 -9.44708
921 -9.44708
922 -9.44708
923 -9.44708
924 -9.44708
925 -9.44708
926 -9.44708
927 -9.44708
928 -9.44708
929 -9.44708
930 -9.44708
931 -9.44708
932 -9.44708
933 -9.44708
934 -9.44708
935 -9.44708
936 -9.44708
937 -9.44708
938 -9.44708
939 -9.44708
940 -9.44708
941 -9.44623
942 -9.44623
943 -9.44623
944 -9.44623
945 -9.44623
946 -9.44623
947 -9.44623
948 -9.44623
949 -9.44623
950 -9.44623
951 -9.44623
952 -9.44623
953 -9.44623
954 -9.44623
955 -9.44623
956 -9.44623
957 -9.44623
958 -9.44623
959 -9.44623
960 -9.44623
961 -9.44623
962 -9.44623
963 -9.44623
964 -9.44623
965 -9.44623
966 -9.44623
967 -9.44188
968 -9.44188
969 -9.44188
970 -9.44188
971 -9.44188
972 -9.44188
973 -9.44188
974 -9.44188
975 -9.44188
976 -9.44188
977 -9.44188
978 -9.44188
979 -9.44188
980 -9.44188
981 -9.44188
982 -9.44188
983 -9.44188
984 -9.44188
985 -9.44188
986 -9.44188
987 -9.44188
988 -9.44188
989 -9.44188
990 -9.44188
991 -9.44188
992 -9.44188
993 -9.44188
994 -9.44188
995 -9.44188
996 -9.44188
997 -9.44188
998 -9.44188
999 -9.44188
