0 -4852.43
1 -4852.43
2 -4852.43
3 -4852.43
4 -4852.43
5 -4852.43
6 -4852.43
7 -4852.43
8 -4852.43
9 -4852.43
10 -4852.43
11 -4852.43
12 -4852.43
13 -4852.43
14 -4852.43
15 -4852.43
16 -4852.43
17 -4852.43
18 -4852.43
19 -4852.43
20 -4852.43
21 -4852.43
22 -4852.43
23 -4852.43
24 -4852.43
25 -4852.43
26 -4852.43
27 -4852.43
28 -4852.43
29 -4852.43
30 -4852.43
31 -4852.43
32 -4852.43
33 -4852.43
34 -4852.43
35 -4852.43
36 -4852.43
37 -4852.43
38 -4852.43
39 -4852.43
40 -4852.43
41 -4852.43
42 -4852.43
43 -4852.43
44 -4852.43
45 -4852.43
46 -4852.43
47 -4852.43
48 -4852.43
49 -4852.43
50 -4852.43
51 -4852.43
52 -4852.43
53 -4852.43
54 -4852.43
55 -4852.43
56 -4852.43
57 -4852.43
58 -4852.43
59 -4852.43
60 -4852.43
61 -4852.43
62 -4852.43
63 -4852.43
64 -4852.43
65 -4852.43
66 -4852.43
67 -4852.43
68 -4852.43
69 -4852.43
70 -4852.43
71 -3560.22
72 -3560.22
73 -3560.22
74 -3560.22
75 -3560.22
76 -3560.22
77 -3560.22
78 -3560.22
79 -3560.22
80 -3560.22
81 -3560.22
82 -2081
83 -2081
84 -2081
85 -2081
86 -2081
87 -2081
88 -2081
89 -2081
90 -2081
91 -2081
92 -2081
93 -2081
94 -2081
95 -2081
96 -2081
97 -2081
98 -2081
99 -2081
100 -2081
101 -2081
102 -2081
103 -2081
104 -2081
105 -2081
106 -2081
107 -2081
108 -2081
109 -2081
110 -2081
111 -2081
112 -2081
113 -865.038
114 -865.038
115 -865.038
116 -865.038
117 -865.038
118 -865.038
119 -865.038
120 -865.038
121 -865.038
122 -865.038
123 -865.038
124 -865.038
125 -865.038
126 -865.038
127 -865.038
128 -865.038
129 -865.038
130 -865.038
131 -865.038
132 -865.038
133 -865.038
134 -865.038
135 -865.038
136 -865.038
137 -865.038
138 -865.038
139 -865.038
140 -865.038
141 -865.038
142 -865.038
143 -865.038
144 -865.038
145 -865.038
146 -865.038
147 -349.171
148 -349.171
149 -349.171
150 -349.171
151 -349.171
152 -349.171
153 -349.171
154 -349.171
155 -349.171
156 -349.171
157 -349.171
158 -349.171
159 -349.171
160 -349.171
161 -349.171
162 -349.171
163 -349.171
164 -349.171
165 -349.171
166 -349.171
167 -349.171
168 -349.171
169 -349.171
170 -349.171
171 -349.171
172 -349.171
173 -349.171
174 -349.171
175 -349.171
176 -349.171
177 -349.171
178 -349.171
179 -349.171
180 -349.171
181 -349.171
182 -349.171
183 -349.171
184 -349.171
185 -349.171
186 -349.171
187 -349.171
188 -349.171
189 -349.171
190 -349.171
191 -349.171
192 -349.171
193 -349.171
194 -349.171
195 -349.171
196 -349.171
197 -349.171
198 -349.171
199 -349.171
200 -349.171
201 -349.171
202 -349.171
203 -349.171
204 -349.171
205 -349.171
206 -349.171
207 -349.171
208 -349.171
209 -349.171
210 -349.171
211 -349.171
212 -349.171
213 -349.171
214 -349.171
215 -349.171
216 -349.171
217 -349.171
218 -349.171
219 -349.171
220 -349.171
221 -349.171
222 -349.171
223 -349.171
224 -349.171
225 -349.171
226 -349.171
227 -349.171
228 -349.171
229 -349.171
230 -349.171
231 -349.171
232 -349.171
233 -349.171
234 -349.171
235 -349.171
236 -349.171
237 -349.171
238 -349.171
239 -349.171
240 -349.171
241 -349.171
242 -349.171
243 -349.171
244 -349.171
245 -349.171
246 -349.171
247 -349.171
248 -349.171
249 -349.171
250 -349.171
251 -349.171
252 -349.171
253 -349.171
254 -349.171
255 -349.171
256 -349.171
257 -349.171
258 -349.171
259 -349.171
260 -349.171
261 -349.171
262 -349.171
263 -349.171
264 -349.171
265 -349.171
266 -349.171
267 -349.171
268 -349.171
269 -349.171
270 -286.745
271 -286.745
272 -286.745
273 -286.745
274 -286.745
275 -286.745
276 -286.745
277 -286.745
278 -286.745
279 -286.745
280 -286.745
281 -286.745
282 -286.745
283 -286.745
284 -286.745
285 -286.745
286 -286.745
287 -246.895
288 -246.895
289 -246.895
290 -137.692
291 -137.692
292 -137.692
293 -137.692
294 -137.692
295 -137.692
296 -137.692
297 -137.692
298 -137.692
299 -137.692
300 -137.692
301 -137.692
302 -137.692
303 -137.692
304 -137.692
305 -137.692
306 -137.692
307 -137.692
308 -137.692
309 -137.692
310 -137.692
311 -137.692
312 -137.692
313 -137.692
314 -137.692
315 -137.692
316 -111.09
317 -111.09
318 -111.09
319 -111.09
320 -111.09
321 -111.09
322 -111.09
323 -111.09
324 -111.09
325 -111.09
326 -111.09
327 -111.09
328 -111.09
329 -111.09
330 -111.09
331 -111.09
332 -111.09
333 -111.09
334 -111.09
335 -111.09
336 -111.09
337 -111.09
338 -111.09
339 -111.09
340 -111.09
341 -111.09
342 -111.09
343 -111.09
344 -111.09
345 -111.09
346 -111.09
347 -111.09
348 -111.09
349 -111.09
350 -111.09
351 -111.09
352 -111.09
353 -111.09
354 -111.09
355 -111.09
356 -111.09
357 -111.09
358 -111.09
359 -111.09
360 -111.09
361 -111.09
362 -111.09
363 -111.09
364 -111.09
365 -111.09
366 -66.9764
367 -66.9764
368 -66.9764
369 -66.9764
370 -66.9764
371 -66.9764
372 -66.9764
373 -66.9764
374 -66.9764
375 -66.9764
376 -66.9764
377 -66.9764
378 -66.9764
379 -66.9764
380 -66.9764
381 -56.4096
382 -56.4096
383 -56.4096
384 -56.4096
385 -56.4096
386 -56.4096
387 -56.4096
388 -56.4096
389 -56.4096
390 -56.4096
391 -56.4096
392 -50.6484
393 -50.6484
394 -50.6484
395 -50.6484
396 -50.6484
397 -50.6484
398 -50.6484
399 -50.6484
400 -50.6484
401 -50.6484
402 -50.6484
403 -17.6821
404 -17.6821
405 -17.6821
406 -17.6821
407 -17.6821
408 -17.6821
409 -17.6821
410 -17.6821
411 -17.6821
412 -17.6821
413 -17.6821
414 -17.6821
415 -17.6821
416 -17.6821
417 -17.6821
418 -17.6821
419 -17.6821
420 -17.6821
421 -17.6821
422 -17.6821
423 -17.6821
424 -17.6821
425 -17.6821
426 -17.6821
427 -16.6612
428 -16.6612
429 -16.6612
430 -16.6612
431 -16.6612
432 -16.6612
433 -16.6612
434 -15.0998
435 -15.0998
436 -15.0998
437 -15.0998
438 -15.0998
439 -15.0998
440 -15.0998
441 -15.0998
442 -15.0998
443 -15.0998
444 -15.0998
445 -15.0998
446 -15.0998
447 -15.0998
448 -15.0998
449 -15.0998
450 -15.0998
451 -15.0998
452 -15.0998
453 -15.0998
454 -15.0998
455 -15.0998
456 -15.0998
457 -15.0998
458 -15.0998
459 -15.0998
460 -15.0998
461 -15.0998
462 -15.0998
463 -15.0998
464 -15.0998
465 -15.0998
466 -15.0998
467 -15.0998
468 -15.0998
469 -15.0998
470 -15.0998
471 -15.0998
472 -15.0998
473 -15.0998
474 -15.0998
475 -15.0998
476 -15.0998
477 -15.0998
478 -15.0998
479 -15.0998
480 -12.7241
481 -12.7241
482 -12.7241
483 -12.7241
484 -12.7241
485 -12.7241
486 -12.7241
487 -12.7241
488 -12.7241
489 -12.1207
490 -12.1207
491 -12.1207
492 -12.1207
493 -12.1207
494 -12.1207
495 -12.1207
496 -12.1207
497 -12.1207
498 -12.1207
499 -11.4088
500 -11.4088
501 -11.4088
502 -11.4088
503 -11.4088
504 -11.4088
505 -11.128
506 -11.128
507 -11.128
508 -10.0473
509 -10.0473
510 -10.0473
511 -10.0473
512 -10.0473
513 -10.0473
514 -10.0473
515 -10.0473
516 -10.0473
517 -10.0473
518 -10.0473
519 -10.0473
520 -10.0473
521 -10.0473
522 -10.0473
523 -10.0473
524 -10.0473
525 -10.0473
526 -10.0473
527 -10.0473
528 -10.0473
529 -10.0473
530 -10.0473
531 -10.0473
532 -10.0473
533 -10.0473
534 -10.0473
535 -10.0473
536 -10.0473
537 -10.0473
538 -10.0473
539 -10.0473
540 -10.0473
541 -10.0473
542 -10.0473
543 -10.0473
544 -10.0473
545 -10.0473
546 -10.0473
547 -10.0473
548 -10.0473
549 -10.0473
550 -10.0473
551 -10.0473
552 -10.0473
553 -10.0473
554 -10.0473
555 -10.0473
556 -10.0473
557 -10.0473
558 -9.87373
559 -9.86083
560 -9.86083
561 -9.86083
562 -9.86083
563 -9.86083
564 -9.86083
565 -9.86083
566 -9.86083
567 -9.86083
568 -9.86083
569 -9.86083
570 -9.86083
571 -9.86083
572 -9.86083
573 -9.86083
574 -9.86083
575 -9.86083
576 -9.86083
577 -9.86083
578 -9.86083
579 -9.86083
580 -9.86083
581 -9.86083
582 -9.86083
583 -9.86083
584 -9.86083
585 -9.86083
586 -9.86083
587 -9.86083
588 -9.86083
589 -9.86083
590 -9.86083
591 -9.86083
592 -9.86083
593 -9.86083
594 -9.86083
595 -9.86083
596 -9.86083
597 -9.86083
598 -9.86083
599 -9.77646
600 -9.77646
601 -9.73625
602 -9.73625
603 -9.73625
604 -9.73625
605 -9.73625
606 -9.73625
607 -9.73625
608 -9.73625
609 -9.73625
610 -9.73625
611 -9.73625
612 -9.73625
613 -9.73625
614 -9.73625
615 -9.73625
616 -9.73625
617 -9.73625
618 -9.73625
619 -9.73625
620 -9.73625
621 -9.73625
622 -9.73625
623 -9.73625
624 -9.73625
625 -9.73625
626 -9.73625
627 -9.73625
628 -9.73625
629 -9.73625
630 -9.73625
631 -9.73625
632 -9.73625
633 -9.73625
634 -9.73625
635 -9.57273
636 -9.57273
637 -9.57273
638 -9.57273
639 -9.57273
640 -9.57273
641 -9.57273
642 -9.57273
643 -9.57273
644 -9.57273
645 -9.57273
646 -9.57273
647 -9.57273
648 -9.57273
649 -9.57273
650 -9.57273
651 -9.57273
652 -9.57273
653 -9.57273
654 -9.57273
655 -9.57273
656 -9.57273
657 -9.57273
658 -9.57273
659 -9.57273
660 -9.57273
661 -9.57273
662 -9.57273
663 -9.57273
664 -9.57273
665 -9.57273
666 -9.57273
667 -9.57273
668 -9.57273
669 -9.57273
670 -9.57273
671 -9.57273
672 -9.57273
673 -9.57273
674 -9.57273
675 -9.57273
676 -9.57273
677 -9.57273
678 -9.57273
679 -9.57273
680 -9.57273
681 -9.57273
682 -9.57273
683 -9.57273
684 -9.57273
685 -9.57273
686 -9.57273
687 -9.57273
688 -9.57273
689 -9.57273
690 -9.57273
691 -9.57273
692 -9.57273
693 -9.57273
694 -9.53946
695 -9.53946
696 -9.53946
697 -9.53946
698 -9.53946
699 -9.53946
700 -9.53946
701 -9.53946
702 -9.53946
703 -9.53946
704 -9.53946
705 -9.53946
706 -9.53946
707 -9.53946
708 -9.53946
709 -9.53946
710 -9.53946
711 -9.53946
712 -9.53946
713 -9.53946
714 -9.53946
715 -9.53946
716 -9.53946
717 -9.53946
718 -9.53946
719 -9.53946
720 -9.53946
721 -9.53946
722 -9.53946
723 -9.53946
724 -9.53946
725 -9.53946
726 -9.53946
727 -9.53946
728 -9.49626
729 -9.49626
730 -9.49626
731 -9.49626
732 -9.49626
733 -9.49626
734 -9.49626
735 -9.49626
736 -9.49626
737 -9.49626
738 -9.49626
739 -9.49626
740 -9.49626
741 -9.49626
742 -9.49626
743 -9.49626
744 -9.49626
745 -9.49626
746 -9.49626
747 -9.49626
748 -9.49626
749 -9.49626
750 -9.49626
751 -9.49626
752 -9.49626
753 -9.49626
754 -9.49626
755 -9.49626
756 -9.49626
757 -9.49626
758 -9.49626
759 -9.49626
760 -9.49626
761 -9.49626
762 -9.49626
763 -9.49626
764 -9.49626
765 -9.49626
766 -9.49626
767 -9.49626
768 -9.49626
769 -9.49626
770 -9.49626
771 -9.49626
772 -9.49626
773 -9.49626
774 -9.49626
775 -9.49626
776 -9.49626
777 -9.49626
778 -9.49626
779 -9.49626
780 -9.49626
781 -9.49626
782 -9.49626
783 -9.49626
784 -9.49626
785 -9.49626
786 -9.49626
787 -9.49626
788 -9.49626
789 -9.49626
790 -9.49626
791 -9.49626
792 -9.49626
793 -9.49626
794 -9.49626
795 -9.49626
796 -9.49626
797 -9.49626
798 -9.49626
799 -9.49626
800 -9.49626
801 -9.49626
802 -9.49626
803 -9.49626
804 -9.49626
805 -9.49626
806 -9.49626
807 -9.49626
808 -9.49626
809 -9.49626
810 -9.49626
811 -9.49626
812 -9.49626
813 -9.49626
814 -9.49626
815 -9.49626
816 -9.49626
817 -9.49626
818 -9.49626
819 -9.49583
820 -9.49583
821 -9.49583
822 -9.49583
823 -9.49583
824 -9.49583
825 -9.49583
826 -9.49271
827 -9.49271
828 -9.49271
829 -9.48392
830 -9.48392
831 -9.48392
832 -9.48392
833 -9.48392
834 -9.48392
835 -9.48392
836 -9.48392
837 -9.48392
838 -9.48392
839 -9.48392
840 -9.48392
841 -9.48392
842 -9.48392
843 -9.48392
844 -9.48392
845 -9.48392
846 -9.48392
847 -9.47576
848 -9.47576
849 -9.47576
850 -9.47576
851 -9.47576
852 -9.47576
853 -9.47576
854 -9.47576
855 -9.47576
856 -9.47576
857 -9.47576
858 -9.47576
859 -9.47576
860 -9.47576
861 -9.47576
862 -9.47576
863 -9.47576
864 -9.47576
865 -9.47576
866 -9.46073
867 -9.46073
868 -9.46073
869 -9.46073
870 -9.46073
871 -9.46073
872 -9.46073
873 -9.46073
874 -9.46073
875 -9.46073
876 -9.46073
877 -9.46073
878 -9.46073
879 -9.46073
880 -9.46073
881 -9.46073
882 -9.46073
883 -9.46073
884 -9.46073
885 -9.46073
886 -9.46073
887 -9.46073
888 -9.46073
889 -9.46073
890 -9.46073
891 -9.46073
892 -9.46073
893 -9.46073
894 -9.46073
895 -9.46073
896 -9.46073
897 -9.46073
898 -9.46073
899 -9.46073
900 -9.46073
901 -9.46073
902 -9.46073
903 -9.46073
904 -9.46073
905 -9.46073
906 -9.46073
907 -9.46073
908 -9.46073
909 -9.46073
910 -9.46073
911 -9.46073
912 -9.45662
913 -9.45662
914 -9.45202
915 -9.45202
916 -9.45202
917 -9.45202
918 -9.45202
919 -9.45202
920 -9.45202
921 -9.45202
922 -9.45202
923 -9.45202
924 -9.45202
925 -9.45202
926 -9.45202
927 -9.45202
928 -9.45202
929 -9.45202
930 -9.45202
931 -9.45202
932 -9.45202
933 -9.45202
934 -9.45202
935 -9.45202
936 -9.45202
937 -9.45202
938 -9.45202
939 -9.45202
940 -9.45202
941 -9.45202
942 -9.45202
943 -9.45202
944 -9.45202
945 -9.45202
946 -9.45202
947 -9.45202
948 -9.45202
949 -9.45202
950 -9.45202
951 -9.45202
952 -9.45202
953 -9.45202
954 -9.44289
955 -9.44289
956 -9.44289
957 -9.44289
958 -9.44289
959 -9.44289
960 -9.44289
961 -9.44289
962 -9.44289
963 -9.44289
964 -9.44289
965 -9.44289
966 -9.44289
967 -9.44289
968 -9.44289
969 -9.44289
970 -9.44289
971 -9.44289
972 -9.44289
973 -9.44289
974 -9.44289
975 -9.44289
976 -9.44289
977 -9.44289
978 -9.44289
979 -9.44289
980 -9.44289
981 -9.44289
982 -9.44289
983 -9.44289
984 -9.44289
985 -9.44289
986 -9.44289
987 -9.44289
988 -9.44289
989 -9.44289
990 -9.44289
991 -9.44289
992 -9.44289
993 -9.43874
994 -9.43874
995 -9.43874
996 -9.43874
997 -9.43874
998 -9.4341
999 -9.4341
