0 -3403.08
1 -3403.08
2 -3403.08
3 -3403.08
4 -3403.08
5 -3403.08
6 -3403.08
7 -3403.08
8 -3403.08
9 -3403.08
10 -3403.08
11 -3403.08
12 -3403.08
13 -3403.08
14 -3403.08
15 -3403.08
16 -3403.08
17 -3403.08
18 -3403.08
19 -3403.08
20 -3403.08
21 -3403.08
22 -3403.08
23 -3403.08
24 -3403.08
25 -3403.08
26 -3403.08
27 -3403.08
28 -3403.08
29 -3403.08
30 -3403.08
31 -3403.08
32 -3403.08
33 -3403.08
34 -3403.08
35 -3403.08
36 -3403.08
37 -3403.08
38 -3403.08
39 -3403.08
40 -3403.08
41 -3403.08
42 -3403.08
43 -3403.08
44 -3403.08
45 -3403.08
46 -3403.08
47 -2438.75
48 -2438.75
49 -2438.75
50 -2438.75
51 -2438.75
52 -2438.75
53 -2438.75
54 -2438.75
55 -2438.75
56 -2168.5
57 -2168.5
58 -1846.5
59 -1846.5
60 -1846.5
61 -1846.5
62 -1846.5
63 -1846.5
64 -1846.5
65 -1846.5
66 -1603.1
67 -1603.1
68 -1603.1
69 -1603.1
70 -1011.18
71 -1011.18
72 -1011.18
73 -1011.18
74 -1011.18
75 -1011.18
76 -1011.18
77 -1011.18
78 -1011.18
79 -1011.18
80 -1011.18
81 -1011.18
82 -1011.18
83 -1011.18
84 -495.377
85 -495.377
86 -495.377
87 -495.377
88 -495.377
89 -495.377
90 -495.377
91 -495.377
92 -495.377
93 -495.377
94 -495.377
95 -495.377
96 -495.377
97 -495.377
98 -495.377
99 -386.329
100 -386.329
101 -386.329
102 -386.329
103 -386.329
104 -386.329
105 -386.329
106 -386.329
107 -386.329
108 -386.329
109 -386.329
110 -386.329
111 -386.329
112 -386.329
113 -386.329
114 -386.329
115 -386.329
116 -386.329
117 -199.512
118 -199.512
119 -199.512
120 -199.512
121 -199.512
122 -199.512
123 -199.512
124 -199.512
125 -199.512
126 -199.512
127 -199.512
128 -199.512
129 -199.512
130 -199.512
131 -199.512
132 -199.512
133 -199.512
134 -199.512
135 -199.512
136 -199.512
137 -199.512
138 -199.512
139 -199.512
140 -199.512
141 -150.36
142 -150.36
143 -150.36
144 -150.36
145 -133.582
146 -133.582
147 -133.582
148 -115.228
149 -115.228
150 -77.172
151 -47.2852
152 -47.2852
153 -29.1339
154 -29.1339
155 -29.1339
156 -29.1339
157 -29.1339
158 -29.1339
159 -29.1339
160 -29.1339
161 -29.1339
162 -29.1339
163 -29.1339
164 -29.1339
165 -29.1339
166 -29.1339
167 -29.1339
168 -29.1339
169 -29.1339
170 -29.1339
171 -29.1339
172 -29.1339
173 -29.1339
174 -29.1339
175 -29.1339
176 -29.1339
177 -27.3278
178 -27.3278
179 -26.7199
180 -18.6223
181 -18.6223
182 -18.6223
183 -18.6223
184 -18.6223
185 -14.7539
186 -14.7539
187 -14.7539
188 -14.7539
189 -14.7539
190 -14.7539
191 -14.7539
192 -14.7539
193 -14.7539
194 -14.7539
195 -14.7539
196 -14.7539
197 -14.7539
198 -14.7539
199 -14.7539
200 -14.7539
201 -14.7539
202 -14.7539
203 -14.7539
204 -14.7539
205 -14.7539
206 -14.7539
207 -14.7539
208 -14.7539
209 -14.7539
210 -14.7539
211 -14.6529
212 -14.6529
213 -14.6529
214 -14.6529
215 -14.6529
216 -14.6529
217 -14.6529
218 -14.6529
219 -14.6529
220 -14.6529
221 -14.6529
222 -14.2727
223 -14.2727
224 -13.4364
225 -13.4364
226 -13.4364
227 -13.4364
228 -13.4364
229 -13.4364
230 -11.1582
231 -11.1582
232 -11.1582
233 -11.1582
234 -11.1582
235 -11.1582
236 -11.1582
237 -11.1582
238 -11.1582
239 -10.9799
240 -10.9799
241 -10.0251
242 -10.0251
243 -10.0251
244 -10.0251
245 -10.0251
246 -10.0251
247 -10.0251
248 -10.0251
249 -10.0251
250 -10.0251
251 -10.0251
252 -10.0251
253 -10.0251
254 -10.0251
255 -10.0251
256 -10.0251
257 -10.0251
258 -10.0251
259 -10.0251
260 -10.0251
261 -10.0251
262 -10.0251
263 -10.0251
264 -10.0251
265 -10.0251
266 -10.0251
267 -10.0251
268 -10.0251
269 -10.0251
270 -10.0251
271 -10.0251
272 -10.0251
273 -10.0251
274 -10.0251
275 -9.99799
276 -9.99799
277 -9.99799
278 -9.99799
279 -9.99799
280 -9.99799
281 -9.99799
282 -9.99799
283 -9.99799
284 -9.99799
285 -9.99799
286 -9.99799
287 -9.99799
288 -9.99799
289 -9.99799
290 -9.99799
291 -9.99799
292 -9.99799
293 -9.99799
294 -9.99799
295 -9.99799
296 -9.99799
297 -9.75886
298 -9.75886
299 -9.75886
300 -9.75886
301 -9.75886
302 -9.75886
303 -9.75886
304 -9.75886
305 -9.75886
306 -9.75886
307 -9.75886
308 -9.75886
309 -9.75886
310 -9.75886
311 -9.75886
312 -9.75886
313 -9.75886
314 -9.75886
315 -9.75886
316 -9.63491
317 -9.63491
318 -9.63491
319 -9.63491
320 -9.63491
321 -9.63491
322 -9.63491
323 -9.63491
324 -9.63491
325 -9.63491
326 -9.63491
327 -9.63491
328 -9.63491
329 -9.63491
330 -9.63491
331 -9.63491
332 -9.63491
333 -9.63491
334 -9.62741
335 -9.62741
336 -9.62741
337 -9.62741
338 -9.62741
339 -9.62741
340 -9.62741
341 -9.62741
342 -9.62741
343 -9.62741
344 -9.58717
345 -9.58717
346 -9.58717
347 -9.58717
348 -9.58717
349 -9.58717
350 -9.58717
351 -9.58717
352 -9.58717
353 -9.58717
354 -9.56633
355 -9.56633
356 -9.56633
357 -9.56633
358 -9.56633
359 -9.56633
360 -9.56633
361 -9.56028
362 -9.56028
363 -9.56028
364 -9.52934
365 -9.52934
366 -9.52934
367 -9.52934
368 -9.52934
369 -9.52934
370 -9.52934
371 -9.52934
372 -9.52934
373 -9.52934
374 -9.52934
375 -9.52934
376 -9.52934
377 -9.52934
378 -9.52934
379 -9.52934
380 -9.52934
381 -9.52934
382 -9.52934
383 -9.52934
384 -9.52934
385 -9.52934
386 -9.52934
387 -9.52934
388 -9.52934
389 -9.52934
390 -9.52934
391 -9.52934
392 -9.52934
393 -9.52934
394 -9.52934
395 -9.52934
396 -9.52934
397 -9.52934
398 -9.52934
399 -9.52934
400 -9.52934
401 -9.52934
402 -9.52934
403 -9.52934
404 -9.52934
405 -9.52934
406 -9.52934
407 -9.52934
408 -9.52934
409 -9.52934
410 -9.52934
411 -9.52934
412 -9.52934
413 -9.52934
414 -9.52934
415 -9.52934
416 -9.52934
417 -9.52934
418 -9.52934
419 -9.52934
420 -9.52934
421 -9.52934
422 -9.52934
423 -9.52934
424 -9.52934
425 -9.52934
426 -9.52934
427 -9.52934
428 -9.52934
429 -9.52934
430 -9.52934
431 -9.52934
432 -9.52934
433 -9.52785
434 -9.52785
435 -9.52785
436 -9.52785
437 -9.52785
438 -9.52785
439 -9.52785
440 -9.52785
441 -9.52785
442 -9.51683
443 -9.51683
444 -9.51683
445 -9.51683
446 -9.51683
447 -9.51683
448 -9.51683
449 -9.51683
450 -9.51683
451 -9.51683
452 -9.51683
453 -9.5137
454 -9.5137
455 -9.5137
456 -9.5137
457 -9.5137
458 -9.5137
459 -9.47681
460 -9.47681
461 -9.47681
462 -9.47681
463 -9.47681
464 -9.47681
465 -9.47681
466 -9.47681
467 -9.47681
468 -9.47681
469 -9.47681
470 -9.47681
471 -9.47681
472 -9.47681
473 -9.47681
474 -9.47681
475 -9.47681
476 -9.47681
477 -9.47681
478 -9.47681
479 -9.47681
480 -9.47681
481 -9.47681
482 -9.47681
483 -9.47681
484 -9.47681
485 -9.47681
486 -9.47681
487 -9.47681
488 -9.47681
489 -9.47681
490 -9.47681
491 -9.47681
492 -9.47681
493 -9.47681
494 -9.47681
495 -9.47681
496 -9.47681
497 -9.47681
498 -9.47681
499 -9.47681
500 -9.47681
501 -9.47681
502 -9.47681
503 -9.47681
504 -9.47681
505 -9.47681
506 -9.47681
507 -9.47681
508 -9.47681
509 -9.47681
510 -9.47681
511 -9.47681
512 -9.47681
513 -9.47681
514 -9.47681
515 -9.47681
516 -9.47681
517 -9.47681
518 -9.47681
519 -9.47681
520 -9.47681
521 -9.47681
522 -9.47681
523 -9.47681
524 -9.47681
525 -9.47681
526 -9.47681
527 -9.47681
528 -9.47681
529 -9.47681
530 -9.47681
531 -9.47681
532 -9.47681
533 -9.47681
534 -9.47681
535 -9.47681
536 -9.47681
537 -9.47681
538 -9.47681
539 -9.47681
540 -9.47681
541 -9.47681
542 -9.47681
543 -9.47681
544 -9.47681
545 -9.47681
546 -9.47681
547 -9.47681
548 -9.47681
549 -9.47681
550 -9.47681
551 -9.47681
552 -9.47681
553 -9.47681
554 -9.47681
555 -9.47681
556 -9.47681
557 -9.47681
558 -9.47681
559 -9.47681
560 -9.47681
561 -9.47681
562 -9.47681
563 -9.47681
564 -9.47681
565 -9.47681
566 -9.47681
567 -9.47087
568 -9.47087
569 -9.47087
570 -9.47087
571 -9.47087
572 -9.47087
573 -9.47087
574 -9.47087
575 -9.47087
576 -9.47087
577 -9.47087
578 -9.47087
579 -9.44125
580 -9.44125
581 -9.44125
582 -9.44125
583 -9.44125
584 -9.44125
585 -9.44125
586 -9.44125
587 -9.44125
588 -9.44125
589 -9.44125
590 -9.44125
591 -9.44125
592 -9.44125
593 -9.44125
594 -9.44125
595 -9.44125
596 -9.44125
597 -9.44125
598 -9.44125
599 -9.44125
600 -9.44125
601 -9.44125
602 -9.44125
603 -9.44125
604 -9.44125
605 -9.44125
606 -9.44125
607 -9.44125
608 -9.44125
609 -9.44125
610 -9.44125
611 -9.44125
612 -9.44125
613 -9.44125
614 -9.44125
615 -9.44125
616 -9.44125
617 -9.44125
618 -9.44125
619 -9.44125
620 -9.44125
621 -9.44125
622 -9.44125
623 -9.44125
624 -9.44125
625 -9.44125
626 -9.44125
627 -9.44125
628 -9.44125
629 -9.44125
630 -9.44125
631 -9.44125
632 -9.44125
633 -9.44125
634 -9.44125
635 -9.44125
636 -9.44125
637 -9.44125
638 -9.44125
639 -9.44125
640 -9.44125
641 -9.44125
642 -9.44125
643 -9.44125
644 -9.44125
645 -9.44125
646 -9.44125
647 -9.44125
648 -9.44125
649 -9.44125
650 -9.44125
651 -9.44125
652 -9.44125
653 -9.44125
654 -9.44125
655 -9.4373
656 -9.4373
657 -9.4373
658 -9.4373
659 -9.4373
660 -9.4373
661 -9.4373
662 -9.42701
663 -9.42701
664 -9.42701
665 -9.42701
666 -9.42701
667 -9.42701
668 -9.42701
669 -9.42701
670 -9.42701
671 -9.42701
672 -9.42701
673 -9.42701
674 -9.42701
675 -9.42701
676 -9.42701
677 -9.42701
678 -9.42701
679 -9.42701
680 -9.42701
681 -9.42701
682 -9.42701
683 -9.42701
684 -9.42701
685 -9.42701
686 -9.42701
687 -9.42701
688 -9.42701
689 -9.42701
690 -9.42701
691 -9.42701
692 -9.42701
693 -9.42701
694 -9.42701
695 -9.42701
696 -9.42701
697 -9.42701
698 -9.42701
699 -9.42701
700 -9.42701
701 -9.42701
702 -9.42701
703 -9.42701
704 -9.42701
705 -9.42701
706 -9.42701
707 -9.42701
708 -9.42701
709 -9.42701
710 -9.42701
711 -9.42701
712 -9.42701
713 -9.42701
714 -9.42701
715 -9.42701
716 -9.42701
717 -9.42701
718 -9.42701
719 -9.42701
720 -9.42701
721 -9.42701
722 -9.42701
723 -9.42701
724 -9.42701
725 -9.42701
726 -9.42701
727 -9.42701
728 -9.42701
729 -9.42701
730 -9.42701
731 -9.42701
732 -9.42701
733 -9.42701
734 -9.42701
735 -9.42701
736 -9.42701
737 -9.42701
738 -9.42701
739 -9.42701
740 -9.42701
741 -9.42701
742 -9.42701
743 -9.42701
744 -9.42701
745 -9.42701
746 -9.42701
747 -9.42701
748 -9.42701
749 -9.42701
750 -9.42701
751 -9.42701
752 -9.42701
753 -9.42701
754 -9.42701
755 -9.42701
756 -9.42701
757 -9.42701
758 -9.42701
759 -9.42701
760 -9.42701
761 -9.42701
762 -9.42701
763 -9.42701
764 -9.42701
765 -9.42701
766 -9.42701
767 -9.42701
768 -9.42701
769 -9.42701
770 -9.42701
771 -9.42701
772 -9.42701
773 -9.42701
774 -9.42701
775 -9.42701
776 -9.42701
777 -9.42701
778 -9.42701
779 -9.42701
780 -9.42701
781 -9.42701
782 -9.42701
783 -9.42701
784 -9.42701
785 -9.42701
786 -9.42701
787 -9.42701
788 -9.42701
789 -9.42701
790 -9.42701
791 -9.42701
792 -9.42701
793 -9.42701
794 -9.42701
795 -9.42701
796 -9.42701
797 -9.42701
798 -9.42701
799 -9.42701
800 -9.42701
801 -9.42701
802 -9.42701
803 -9.42701
804 -9.42701
805 -9.42701
806 -9.42701
807 -9.42364
808 -9.42364
809 -9.42364
810 -9.42364
811 -9.42364
812 -9.42364
813 -9.42364
814 -9.42364
815 -9.42364
816 -9.42364
817 -9.42364
818 -9.42364
819 -9.42364
820 -9.42364
821 -9.42364
822 -9.42364
823 -9.42083
824 -9.42083
825 -9.42083
826 -9.42083
827 -9.42083
828 -9.42083
829 -9.42083
830 -9.42083
831 -9.42083
832 -9.42083
833 -9.42083
834 -9.42083
835 -9.42083
836 -9.42083
837 -9.42083
838 -9.42083
839 -9.42083
840 -9.42083
841 -9.42083
842 -9.42083
843 -9.42083
844 -9.42083
845 -9.42083
846 -9.42083
847 -9.42083
848 -9.42083
849 -9.42083
850 -9.42083
851 -9.42083
852 -9.42083
853 -9.42083
854 -9.42083
855 -9.42083
856 -9.42083
857 -9.42083
858 -9.42083
859 -9.42083
860 -9.42083
861 -9.42083
862 -9.42083
863 -9.42083
864 -9.42083
865 -9.42083
866 -9.42083
867 -9.42083
868 -9.42083
869 -9.42083
870 -9.42083
871 -9.42083
872 -9.42083
873 -9.42083
874 -9.42083
875 -9.42083
876 -9.42083
877 -9.42083
878 -9.42083
879 -9.42083
880 -9.42083
881 -9.42083
882 -9.42083
883 -9.42083
884 -9.42083
885 -9.42083
886 -9.42083
887 -9.42083
888 -9.42083
889 -9.42083
890 -9.42083
891 -9.42083
892 -9.42083
893 -9.42083
894 -9.42083
895 -9.42083
896 -9.42083
897 -9.42083
898 -9.42083
899 -9.42083
900 -9.42083
901 -9.42083
902 -9.42083
903 -9.42083
904 -9.42083
905 -9.42083
906 -9.42083
907 -9.42083
908 -9.42083
909 -9.42083
910 -9.42083
911 -9.42083
912 -9.42083
913 -9.42083
914 -9.42083
915 -9.42083
916 -9.42083
917 -9.42083
918 -9.42083
919 -9.42083
920 -9.42083
921 -9.42083
922 -9.42083
923 -9.42083
924 -9.42083
925 -9.42083
926 -9.42083
927 -9.42083
928 -9.42083
929 -9.42083
930 -9.42083
931 -9.42083
932 -9.42083
933 -9.42083
934 -9.42083
935 -9.42083
936 -9.42083
937 -9.42083
938 -9.42083
939 -9.42083
940 -9.42083
941 -9.42083
942 -9.42083
943 -9.42083
944 -9.42083
945 -9.42083
946 -9.42083
947 -9.42083
948 -9.42083
949 -9.42083
950 -9.42083
951 -9.42083
952 -9.42083
953 -9.42083
954 -9.42083
955 -9.42083
956 -9.42083
957 -9.42083
958 -9.42083
959 -9.42083
960 -9.42083
961 -9.42083
962 -9.42083
963 -9.42083
964 -9.42083
965 -9.42083
966 -9.42083
967 -9.42083
968 -9.42083
969 -9.42083
970 -9.42083
971 -9.42083
972 -9.42083
973 -9.42083
974 -9.42083
975 -9.42083
976 -9.41725
977 -9.41725
978 -9.41725
979 -9.41725
980 -9.41725
981 -9.41725
982 -9.41725
983 -9.41725
984 -9.41725
985 -9.41725
986 -9.41725
987 -9.41725
988 -9.41725
989 -9.41725
990 -9.41725
991 -9.41339
992 -9.41339
993 -9.41339
994 -9.41339
995 -9.41339
996 -9.41339
997 -9.41339
998 -9.41339
999 -9.41339
