0 -3902.61
1 -3902.61
2 -3902.61
3 -3902.61
4 -3902.61
5 -3902.61
6 -3902.61
7 -3902.61
8 -3902.61
9 -3902.61
10 -3902.61
11 -3902.61
12 -3902.61
13 -3902.61
14 -3902.61
15 -3902.61
16 -3902.61
17 -3902.61
18 -3902.61
19 -3902.61
20 -3902.61
21 -3902.61
22 -3902.61
23 -3902.61
24 -3902.61
25 -3902.61
26 -2490.31
27 -2490.31
28 -2490.31
29 -2490.31
30 -2490.31
31 -2490.31
32 -2490.31
33 -2490.31
34 -2490.31
35 -2490.31
36 -2490.31
37 -2490.31
38 -2490.31
39 -2490.31
40 -2490.31
41 -2490.31
42 -2490.31
43 -2490.31
44 -2490.31
45 -2490.31
46 -2490.31
47 -2490.31
48 -2204.94
49 -2204.94
50 -2204.94
51 -2204.94
52 -2204.94
53 -1653.26
54 -1653.26
55 -1653.26
56 -1653.26
57 -1653.26
58 -1151.94
59 -1151.94
60 -1151.94
61 -1151.94
62 -1151.94
63 -1151.94
64 -1151.94
65 -1151.94
66 -1151.94
67 -1151.94
68 -1151.94
69 -1151.94
70 -1151.94
71 -1151.94
72 -1151.94
73 -1151.94
74 -872.005
75 -872.005
76 -872.005
77 -872.005
78 -872.005
79 -688.67
80 -688.67
81 -688.67
82 -688.67
83 -688.67
84 -688.67
85 -241.281
86 -241.281
87 -241.281
88 -241.281
89 -241.281
90 -241.281
91 -241.281
92 -241.281
93 -241.281
94 -241.281
95 -241.281
96 -241.281
97 -241.281
98 -241.281
99 -241.281
100 -241.281
101 -241.281
102 -241.281
103 -241.281
104 -241.281
105 -241.281
106 -241.281
107 -241.281
108 -241.281
109 -241.281
110 -241.281
111 -241.281
112 -241.281
113 -241.281
114 -241.281
115 -241.281
116 -241.281
117 -241.281
118 -241.281
119 -241.281
120 -241.281
121 -241.281
122 -241.281
123 -241.281
124 -241.281
125 -241.281
126 -241.281
127 -241.281
128 -241.281
129 -241.281
130 -241.281
131 -177.761
132 -177.761
133 -177.761
134 -177.761
135 -100.867
136 -100.867
137 -100.867
138 -100.867
139 -100.867
140 -88.413
141 -88.413
142 -88.413
143 -88.413
144 -88.413
145 -88.413
146 -88.413
147 -88.413
148 -88.413
149 -88.413
150 -88.413
151 -88.413
152 -88.413
153 -88.413
154 -88.413
155 -88.413
156 -88.413
157 -73.2523
158 -73.2523
159 -73.2523
160 -73.2523
161 -73.2523
162 -73.2523
163 -58.2827
164 -58.2827
165 -58.2827
166 -58.2827
167 -45.6723
168 -45.6723
169 -45.6723
170 -45.6723
171 -45.6723
172 -45.6723
173 -45.6723
174 -45.6723
175 -18.6924
176 -18.6924
177 -18.6924
178 -18.6924
179 -18.6924
180 -18.6924
181 -18.6924
182 -12.7815
183 -12.7815
184 -12.7815
185 -12.7815
186 -12.7815
187 -12.7815
188 -12.7815
189 -12.7815
190 -12.7815
191 -12.7815
192 -12.7815
193 -12.7815
194 -12.7815
195 -12.7815
196 -12.7815
197 -12.7815
198 -12.7815
199 -12.7815
200 -12.7815
201 -12.7815
202 -12.7815
203 -12.7815
204 -12.7815
205 -12.7815
206 -12.7815
207 -12.7815
208 -12.7815
209 -12.7815
210 -12.7815
211 -12.7815
212 -12.7815
213 -12.7815
214 -12.7815
215 -12.7815
216 -12.7815
217 -12.7815
218 -12.7815
219 -12.7815
220 -12.7815
221 -12.7815
222 -12.7815
223 -12.7815
224 -12.7815
225 -12.7815
226 -12.7815
227 -12.7815
228 -12.7815
229 -12.3155
230 -12.3155
231 -12.3155
232 -12.3155
233 -10.4886
234 -10.4886
235 -10.4886
236 -10.4886
237 -10.4886
238 -10.4886
239 -10.4886
240 -10.4886
241 -10.4886
242 -10.4886
243 -10.4886
244 -10.4886
245 -10.4886
246 -10.4886
247 -10.4886
248 -10.4886
249 -10.4886
250 -10.4886
251 -10.4886
252 -10.4886
253 -10.4886
254 -10.4886
255 -10.4886
256 -10.4886
257 -10.4886
258 -10.4886
259 -10.2886
260 -10.2886
261 -10.2886
262 -10.2886
263 -10.2886
264 -10.2886
265 -10.2886
266 -10.2886
267 -10.2886
268 -10.2886
269 -10.2886
270 -10.2886
271 -10.2886
272 -10.2886
273 -10.2886
274 -10.2886
275 -10.2886
276 -10.2886
277 -10.2886
278 -10.2886
279 -10.2886
280 -10.2886
281 -10.2886
282 -10.2886
283 -10.2886
284 -10.2886
285 -10.2886
286 -10.2886
287 -10.1024
288 -10.1024
289 -10.1024
290 -10.1024
291 -10.1024
292 -10.1024
293 -10.1024
294 -10.1024
295 -10.1024
296 -10.1024
297 -10.1024
298 -10.1024
299 -10.1024
300 -10.1024
301 -10.1024
302 -10.1024
303 -10.1024
304 -10.1024
305 -10.1024
306 -9.96302
307 -9.96302
308 -9.96302
309 -9.96302
310 -9.96302
311 -9.96302
312 -9.96302
313 -9.76122
314 -9.76122
315 -9.76122
316 -9.76122
317 -9.76122
318 -9.76122
319 -9.76122
320 -9.76122
321 -9.76122
322 -9.76122
323 -9.76122
324 -9.76122
325 -9.76122
326 -9.76122
327 -9.76122
328 -9.76122
329 -9.76122
330 -9.76122
331 -9.76122
332 -9.76122
333 -9.76122
334 -9.76122
335 -9.74248
336 -9.74248
337 -9.74248
338 -9.61419
339 -9.61419
340 -9.61419
341 -9.61419
342 -9.61419
343 -9.61419
344 -9.61419
345 -9.61419
346 -9.61419
347 -9.61419
348 -9.60726
349 -9.60726
350 -9.60726
351 -9.60726
352 -9.60726
353 -9.60726
354 -9.60726
355 -9.60726
356 -9.60726
357 -9.60726
358 -9.60726
359 -9.60726
360 -9.60726
361 -9.60726
362 -9.60726
363 -9.60726
364 -9.60726
365 -9.60726
366 -9.60726
367 -9.60726
368 -9.60726
369 -9.60726
370 -9.60726
371 -9.60726
372 -9.60726
373 -9.60726
374 -9.60726
375 -9.60726
376 -9.60726
377 -9.60726
378 -9.60726
379 -9.60726
380 -9.60726
381 -9.60726
382 -9.60726
383 -9.60726
384 -9.60726
385 -9.60726
386 -9.60726
387 -9.60726
388 -9.60726
389 -9.60726
390 -9.60726
391 -9.60726
392 -9.5589
393 -9.5589
394 -9.5589
395 -9.5589
396 -9.5589
397 -9.5589
398 -9.5589
399 -9.5589
400 -9.5589
401 -9.5589
402 -9.5589
403 -9.5589
404 -9.5589
405 -9.5589
406 -9.5589
407 -9.5589
408 -9.5589
409 -9.5589
410 -9.5589
411 -9.5589
412 -9.5589
413 -9.5589
414 -9.5589
415 -9.5589
416 -9.5589
417 -9.5589
418 -9.5589
419 -9.5589
420 -9.5589
421 -9.5589
422 -9.5589
423 -9.5589
424 -9.5589
425 -9.5589
426 -9.5589
427 -9.5589
428 -9.5589
429 -9.5589
430 -9.5589
431 -9.55751
432 -9.55751
433 -9.55751
434 -9.54533
435 -9.52929
436 -9.52929
437 -9.52023
438 -9.52023
439 -9.52023
440 -9.52023
441 -9.52023
442 -9.52023
443 -9.52023
444 -9.52023
445 -9.52023
446 -9.52023
447 -9.52023
448 -9.52023
449 -9.52023
450 -9.52023
451 -9.52023
452 -9.52023
453 -9.52023
454 -9.52023
455 -9.52023
456 -9.52023
457 -9.52023
458 -9.52023
459 -9.52023
460 -9.52023
461 -9.52023
462 -9.52023
463 -9.52023
464 -9.52023
465 -9.52023
466 -9.52023
467 -9.52023
468 -9.52023
469 -9.52023
470 -9.52023
471 -9.52023
472 -9.52023
473 -9.52023
474 -9.52023
475 -9.52023
476 -9.52023
477 -9.52023
478 -9.52023
479 -9.52023
480 -9.52023
481 -9.51268
482 -9.51268
483 -9.51268
484 -9.51268
485 -9.51268
486 -9.51268
487 -9.51268
488 -9.51268
489 -9.51268
490 -9.51268
491 -9.51268
492 -9.51268
493 -9.51268
494 -9.51268
495 -9.51268
496 -9.51268
497 -9.51268
498 -9.51268
499 -9.51268
500 -9.51268
501 -9.51268
502 -9.51268
503 -9.51268
504 -9.51268
505 -9.51268
506 -9.51268
507 -9.51268
508 -9.51268
509 -9.51268
510 -9.50801
511 -9.50801
512 -9.50801
513 -9.50801
514 -9.50801
515 -9.50801
516 -9.50801
517 -9.50127
518 -9.50127
519 -9.50127
520 -9.50127
521 -9.50127
522 -9.50127
523 -9.50127
524 -9.50127
525 -9.50127
526 -9.50127
527 -9.50127
528 -9.49617
529 -9.49617
530 -9.49617
531 -9.49617
532 -9.49617
533 -9.49617
534 -9.49617
535 -9.49617
536 -9.49617
537 -9.49617
538 -9.49617
539 -9.49617
540 -9.49617
541 -9.49617
542 -9.49617
543 -9.49617
544 -9.49617
545 -9.49617
546 -9.49617
547 -9.49617
548 -9.49617
549 -9.49617
550 -9.49617
551 -9.49617
552 -9.49617
553 -9.49617
554 -9.49617
555 -9.49617
556 -9.49617
557 -9.49617
558 -9.49617
559 -9.49617
560 -9.47071
561 -9.47071
562 -9.47071
563 -9.47071
564 -9.47071
565 -9.47071
566 -9.47071
567 -9.47071
568 -9.47071
569 -9.47071
570 -9.47071
571 -9.47071
572 -9.47071
573 -9.47071
574 -9.47071
575 -9.47071
576 -9.47071
577 -9.47071
578 -9.45718
579 -9.45718
580 -9.45718
581 -9.45718
582 -9.45718
583 -9.45718
584 -9.45718
585 -9.45718
586 -9.45718
587 -9.45718
588 -9.45718
589 -9.45718
590 -9.45718
591 -9.45718
592 -9.45718
593 -9.45718
594 -9.45718
595 -9.45718
596 -9.45718
597 -9.45718
598 -9.45718
599 -9.45718
600 -9.45718
601 -9.45718
602 -9.45718
603 -9.45718
604 -9.45718
605 -9.45718
606 -9.45718
607 -9.45718
608 -9.45718
609 -9.45718
610 -9.45718
611 -9.45718
612 -9.45718
613 -9.45718
614 -9.45718
615 -9.45718
616 -9.45718
617 -9.44304
618 -9.44304
619 -9.44304
620 -9.44304
621 -9.44304
622 -9.44304
623 -9.44304
624 -9.44304
625 -9.44304
626 -9.44304
627 -9.44304
628 -9.44304
629 -9.44304
630 -9.44304
631 -9.44304
632 -9.44304
633 -9.44304
634 -9.44304
635 -9.44304
636 -9.44304
637 -9.44304
638 -9.44304
639 -9.43765
640 -9.43765
641 -9.43765
642 -9.43765
643 -9.43765
644 -9.43765
645 -9.43765
646 -9.43765
647 -9.43765
648 -9.43765
649 -9.43609
650 -9.43609
651 -9.43609
652 -9.43609
653 -9.43609
654 -9.43609
655 -9.43609
656 -9.43609
657 -9.43609
658 -9.43609
659 -9.43609
660 -9.43
661 -9.43
662 -9.43
663 -9.43
664 -9.42773
665 -9.42773
666 -9.42773
667 -9.42773
668 -9.42773
669 -9.42773
670 -9.42773
671 -9.42773
672 -9.42773
673 -9.42773
674 -9.42773
675 -9.42773
676 -9.42773
677 -9.42773
678 -9.42773
679 -9.42773
680 -9.42773
681 -9.42773
682 -9.42773
683 -9.42773
684 -9.42773
685 -9.42773
686 -9.42773
687 -9.42773
688 -9.42773
689 -9.42773
690 -9.42773
691 -9.42773
692 -9.42773
693 -9.42773
694 -9.42773
695 -9.42773
696 -9.42773
697 -9.42773
698 -9.42773
699 -9.42773
700 -9.42773
701 -9.42773
702 -9.42773
703 -9.42773
704 -9.42773
705 -9.42773
706 -9.42773
707 -9.42773
708 -9.42773
709 -9.42773
710 -9.42773
711 -9.42773
712 -9.42773
713 -9.42773
714 -9.42773
715 -9.42773
716 -9.42773
717 -9.42773
718 -9.42773
719 -9.42355
720 -9.42355
721 -9.42355
722 -9.42355
723 -9.42355
724 -9.42355
725 -9.42355
726 -9.42355
727 -9.42355
728 -9.42355
729 -9.42355
730 -9.42355
731 -9.42355
732 -9.42355
733 -9.42355
734 -9.42355
735 -9.42355
736 -9.42355
737 -9.42355
738 -9.42355
739 -9.42355
740 -9.42355
741 -9.42355
742 -9.42355
743 -9.42355
744 -9.42355
745 -9.42355
746 -9.42355
747 -9.42355
748 -9.42355
749 -9.42355
750 -9.42355
751 -9.42355
752 -9.42355
753 -9.42355
754 -9.42355
755 -9.42355
756 -9.42355
757 -9.42355
758 -9.42355
759 -9.42355
760 -9.42355
761 -9.42355
762 -9.42355
763 -9.42355
764 -9.42355
765 -9.42355
766 -9.42355
767 -9.42355
768 -9.42355
769 -9.42355
770 -9.42355
771 -9.42206
772 -9.42206
773 -9.42206
774 -9.42206
775 -9.42206
776 -9.42206
777 -9.42206
778 -9.42206
779 -9.42206
780 -9.42206
781 -9.42206
782 -9.42206
783 -9.42206
784 -9.42206
785 -9.42206
786 -9.42206
787 -9.42206
788 -9.42206
789 -9.42206
790 -9.42206
791 -9.42206
792 -9.42206
793 -9.42206
794 -9.42206
795 -9.42206
796 -9.42206
797 -9.42206
798 -9.42206
799 -9.42206
800 -9.42206
801 -9.42206
802 -9.42206
803 -9.42206
804 -9.42206
805 -9.42206
806 -9.42206
807 -9.42206
808 -9.42206
809 -9.42206
810 -9.42206
811 -9.42206
812 -9.42206
813 -9.42206
814 -9.42206
815 -9.42206
816 -9.42206
817 -9.42206
818 -9.42206
819 -9.42206
820 -9.42206
821 -9.42206
822 -9.42206
823 -9.42206
824 -9.42206
825 -9.42206
826 -9.42206
827 -9.42206
828 -9.42206
829 -9.42206
830 -9.42206
831 -9.42206
832 -9.42206
833 -9.42206
834 -9.42206
835 -9.42206
836 -9.42206
837 -9.42206
838 -9.42206
839 -9.42206
840 -9.42206
841 -9.42206
842 -9.42206
843 -9.42206
844 -9.42206
845 -9.42206
846 -9.42206
847 -9.42206
848 -9.42206
849 -9.42206
850 -9.42206
851 -9.42206
852 -9.42206
853 -9.42206
854 -9.42206
855 -9.42206
856 -9.42206
857 -9.42206
858 -9.42206
859 -9.42206
860 -9.42206
861 -9.42206
862 -9.42206
863 -9.42206
864 -9.42206
865 -9.42206
866 -9.42206
867 -9.42206
868 -9.42206
869 -9.42206
870 -9.42206
871 -9.42206
872 -9.42206
873 -9.42206
874 -9.42206
875 -9.42206
876 -9.42206
877 -9.42206
878 -9.42206
879 -9.42206
880 -9.42206
881 -9.42206
882 -9.42206
883 -9.41672
884 -9.41672
885 -9.41672
886 -9.41672
887 -9.41672
888 -9.41672
889 -9.41672
890 -9.41672
891 -9.41672
892 -9.41672
893 -9.41672
894 -9.41672
895 -9.41672
896 -9.41132
897 -9.41132
898 -9.41132
899 -9.41132
900 -9.41132
901 -9.41132
902 -9.41132
903 -9.41132
904 -9.40892
905 -9.40892
906 -9.40892
907 -9.40847
908 -9.40847
909 -9.40847
910 -9.40847
911 -9.40847
912 -9.40847
913 -9.40847
914 -9.40847
915 -9.40847
916 -9.40847
917 -9.40847
918 -9.40847
919 -9.40847
920 -9.40847
921 -9.40847
922 -9.40847
923 -9.40847
924 -9.40847
925 -9.40847
926 -9.40847
927 -9.40847
928 -9.40847
929 -9.40847
930 -9.40847
931 -9.40847
932 -9.40847
933 -9.40847
934 -9.40847
935 -9.40847
936 -9.40847
937 -9.40847
938 -9.40847
939 -9.40847
940 -9.40847
941 -9.40847
942 -9.40847
943 -9.40847
944 -9.40847
945 -9.40847
946 -9.40847
947 -9.40847
948 -9.40847
949 -9.40847
950 -9.40847
951 -9.40847
952 -9.40847
953 -9.40847
954 -9.40847
955 -9.40847
956 -9.40847
957 -9.40847
958 -9.40847
959 -9.40847
960 -9.40847
961 -9.40847
962 -9.40847
963 -9.40847
964 -9.40847
965 -9.40847
966 -9.40847
967 -9.40847
968 -9.40847
969 -9.40847
970 -9.40847
971 -9.40847
972 -9.40847
973 -9.40847
974 -9.40847
975 -9.40847
976 -9.40847
977 -9.40847
978 -9.40847
979 -9.40847
980 -9.40847
981 -9.40847
982 -9.40847
983 -9.40847
984 -9.40847
985 -9.40847
986 -9.40847
987 -9.40847
988 -9.40847
989 -9.40847
990 -9.40847
991 -9.40847
992 -9.40847
993 -9.40847
994 -9.40847
995 -9.40847
996 -9.40847
997 -9.40847
998 -9.40847
999 -9.40847
