0 -7539.74
1 -7539.74
2 -7539.74
3 -7124.27
4 -7124.27
5 -7124.27
6 -6182.71
7 -6182.71
8 -6182.71
9 -6182.71
10 -4820.2
11 -4820.2
12 -4820.2
13 -4820.2
14 -4820.2
15 -4000.94
16 -4000.94
17 -4000.94
18 -4000.94
19 -3968.09
20 -3968.09
21 -3968.09
22 -3968.09
23 -3968.09
24 -3968.09
25 -3968.09
26 -3968.09
27 -3968.09
28 -3968.09
29 -3825.77
30 -2136.36
31 -2136.36
32 -2136.36
33 -2136.36
34 -2136.36
35 -2136.36
36 -2136.36
37 -2136.36
38 -2136.36
39 -1471.57
40 -1471.57
41 -1471.57
42 -1471.57
43 -1471.57
44 -1471.57
45 -1471.57
46 -1471.57
47 -1471.57
48 -1471.57
49 -1471.57
50 -1471.57
51 -1471.57
52 -1471.57
53 -1285.68
54 -1285.68
55 -1285.68
56 -1285.68
57 -1285.68
58 -1285.68
59 -1285.68
60 -1193.85
61 -1193.85
62 -1193.85
63 -1193.85
64 -1193.85
65 -1193.85
66 -1193.85
67 -1193.85
68 -1193.85
69 -1193.85
70 -948.357
71 -948.357
72 -948.357
73 -948.357
74 -948.357
75 -948.357
76 -920.23
77 -920.23
78 -857.701
79 -823.301
80 -823.301
81 -754.41
82 -754.41
83 -754.41
84 -654.261
85 -617.125
86 -617.125
87 -617.125
88 -617.125
89 -505.609
90 -505.609
91 -366.81
92 -366.81
93 -366.81
94 -366.81
95 -366.81
96 -366.81
97 -366.81
98 -366.81
99 -366.81
100 -366.81
101 -117.524
102 -117.524
103 -117.524
104 -117.524
105 -117.524
106 -117.524
107 -117.524
108 -117.524
109 -117.524
110 -117.524
111 -117.524
112 -117.524
113 -117.524
114 -117.524
115 -117.524
116 -117.524
117 -117.524
118 -117.524
119 -117.524
120 -117.524
121 -117.524
122 -117.524
123 -117.524
124 -117.524
125 -117.524
126 -117.524
127 -68.3684
128 -68.3684
129 -68.3684
130 -68.3684
131 -45.9225
132 -45.9225
133 -45.9225
134 -45.9225
135 -45.9225
136 -45.9225
137 -45.9225
138 -45.9225
139 -45.9225
140 -45.9225
141 -45.9225
142 -45.9225
143 -45.9225
144 -45.9225
145 -45.9225
146 -45.9225
147 -45.9225
148 -45.9225
149 -45.9225
150 -45.9225
151 -45.9225
152 -45.9225
153 -45.9225
154 -45.9225
155 -45.9225
156 -45.9225
157 -45.9225
158 -45.9225
159 -45.9225
160 -45.9225
161 -45.9225
162 -45.9225
163 -45.9225
164 -28.7576
165 -28.7576
166 -28.7576
167 -28.7576
168 -28.7576
169 -28.7576
170 -28.7576
171 -26.321
172 -26.2484
173 -26.2484
174 -23.6507
175 -23.6507
176 -23.6507
177 -23.6507
178 -23.6507
179 -23.6507
180 -23.6507
181 -23.6507
182 -23.6507
183 -23.6507
184 -23.6507
185 -23.6507
186 -23.6507
187 -23.6507
188 -23.6507
189 -23.6507
190 -23.6507
191 -23.6507
192 -23.6507
193 -21.7511
194 -21.7511
195 -21.7511
196 -21.7511
197 -21.7511
198 -21.7511
199 -21.7511
200 -21.7511
201 -21.7511
202 -18.3377
203 -17.4214
204 -17.4214
205 -17.4214
206 -17.4214
207 -15.1317
208 -15.1317
209 -15.1317
210 -15.1317
211 -13.324
212 -13.324
213 -13.324
214 -13.324
215 -13.324
216 -13.324
217 -13.324
218 -13.324
219 -13.324
220 -12.7632
221 -12.7632
222 -12.7632
223 -12.7632
224 -12.7632
225 -12.7632
226 -12.7632
227 -12.7632
228 -12.3085
229 -12.3085
230 -12.3085
231 -12.3085
232 -11.8835
233 -11.8835
234 -11.8835
235 -11.8835
236 -11.8835
237 -11.8835
238 -11.8835
239 -11.8835
240 -9.90494
241 -9.90494
242 -9.90494
243 -9.90494
244 -9.90494
245 -9.90494
246 -9.90494
247 -9.90494
248 -9.90494
249 -9.90494
250 -9.90494
251 -9.90494
252 -9.90494
253 -9.90494
254 -9.90494
255 -9.90494
256 -9.90494
257 -9.90494
258 -9.90494
259 -9.90494
260 -9.90494
261 -9.90494
262 -9.90494
263 -9.90494
264 -9.90494
265 -9.90494
266 -9.90494
267 -9.90494
268 -9.90494
269 -9.90494
270 -9.90494
271 -9.90494
272 -9.90494
273 -9.90494
274 -9.90494
275 -9.90494
276 -9.90494
277 -9.90494
278 -9.90494
279 -9.90494
280 -9.90494
281 -9.90494
282 -9.90494
283 -9.90494
284 -9.90494
285 -9.90494
286 -9.90494
287 -9.90494
288 -9.90494
289 -9.90494
290 -9.90494
291 -9.90494
292 -9.90494
293 -9.90494
294 -9.90494
295 -9.90494
296 -9.90494
297 -9.90494
298 -9.90494
299 -9.90494
300 -9.71052
301 -9.71052
302 -9.68339
303 -9.68339
304 -9.68339
305 -9.68339
306 -9.64765
307 -9.64765
308 -9.64765
309 -9.64765
310 -9.64765
311 -9.64765
312 -9.64765
313 -9.64765
314 -9.64765
315 -9.64765
316 -9.64765
317 -9.64765
318 -9.64765
319 -9.64765
320 -9.64765
321 -9.64765
322 -9.64765
323 -9.64765
324 -9.64765
325 -9.64765
326 -9.64765
327 -9.64765
328 -9.64765
329 -9.64765
330 -9.64765
331 -9.64765
332 -9.64765
333 -9.64765
334 -9.64765
335 -9.64765
336 -9.64765
337 -9.64765
338 -9.64765
339 -9.64765
340 -9.64765
341 -9.64765
342 -9.64765
343 -9.64765
344 -9.5595
345 -9.5595
346 -9.5595
347 -9.5595
348 -9.5595
349 -9.5595
350 -9.5595
351 -9.5595
352 -9.5595
353 -9.5595
354 -9.5595
355 -9.5595
356 -9.5595
357 -9.5595
358 -9.5595
359 -9.5595
360 -9.5595
361 -9.5595
362 -9.5128
363 -9.5128
364 -9.5128
365 -9.5128
366 -9.5128
367 -9.5128
368 -9.5128
369 -9.5128
370 -9.5128
371 -9.5128
372 -9.5128
373 -9.5128
374 -9.5128
375 -9.5128
376 -9.5128
377 -9.5128
378 -9.5128
379 -9.5128
380 -9.5128
381 -9.5128
382 -9.5128
383 -9.5128
384 -9.5128
385 -9.5128
386 -9.5128
387 -9.5128
388 -9.5128
389 -9.5128
390 -9.5128
391 -9.5128
392 -9.5128
393 -9.5128
394 -9.5128
395 -9.5128
396 -9.5128
397 -9.5128
398 -9.5128
399 -9.5128
400 -9.5128
401 -9.5128
402 -9.5128
403 -9.5128
404 -9.5128
405 -9.5128
406 -9.5128
407 -9.5128
408 -9.5128
409 -9.5128
410 -9.5128
411 -9.5128
412 -9.5128
413 -9.5128
414 -9.5128
415 -9.5128
416 -9.5128
417 -9.5128
418 -9.5128
419 -9.5128
420 -9.5128
421 -9.5128
422 -9.5128
423 -9.5128
424 -9.5128
425 -9.5128
426 -9.5128
427 -9.5128
428 -9.5128
429 -9.5128
430 -9.5128
431 -9.5128
432 -9.5128
433 -9.5128
434 -9.5128
435 -9.5128
436 -9.5128
437 -9.5128
438 -9.5128
439 -9.5128
440 -9.5128
441 -9.5128
442 -9.5128
443 -9.5128
444 -9.5128
445 -9.5128
446 -9.5128
447 -9.5128
448 -9.5128
449 -9.5128
450 -9.5128
451 -9.5128
452 -9.5128
453 -9.5128
454 -9.5128
455 -9.5128
456 -9.5128
457 -9.5128
458 -9.5128
459 -9.5128
460 -9.5128
461 -9.5128
462 -9.5128
463 -9.5128
464 -9.5128
465 -9.5128
466 -9.5128
467 -9.5128
468 -9.5128
469 -9.5128
470 -9.5128
471 -9.5128
472 -9.5128
473 -9.5128
474 -9.5128
475 -9.5128
476 -9.5128
477 -9.5128
478 -9.5128
479 -9.5128
480 -9.5128
481 -9.5128
482 -9.5128
483 -9.5128
484 -9.5128
485 -9.5128
486 -9.5128
487 -9.5128
488 -9.5128
489 -9.5128
490 -9.5128
491 -9.5128
492 -9.5128
493 -9.5128
494 -9.5128
495 -9.5128
496 -9.5128
497 -9.5128
498 -9.49989
499 -9.49989
500 -9.49989
501 -9.49989
502 -9.49989
503 -9.49989
504 -9.49989
505 -9.49989
506 -9.49989
507 -9.49989
508 -9.49989
509 -9.49989
510 -9.49989
511 -9.49989
512 -9.49989
513 -9.49989
514 -9.49989
515 -9.49525
516 -9.49525
517 -9.49525
518 -9.49525
519 -9.49525
520 -9.49525
521 -9.49525
522 -9.49525
523 -9.49525
524 -9.49525
525 -9.49525
526 -9.49525
527 -9.4937
528 -9.4937
529 -9.4937
530 -9.4937
531 -9.4937
532 -9.4937
533 -9.49291
534 -9.49291
535 -9.49291
536 -9.49291
537 -9.49291
538 -9.49291
539 -9.49291
540 -9.49291
541 -9.46448
542 -9.46448
543 -9.46448
544 -9.46448
545 -9.46448
546 -9.46448
547 -9.46448
548 -9.46448
549 -9.46448
550 -9.46448
551 -9.46448
552 -9.46448
553 -9.46448
554 -9.46448
555 -9.46448
556 -9.46448
557 -9.46448
558 -9.46448
559 -9.46448
560 -9.46448
561 -9.46448
562 -9.46448
563 -9.46448
564 -9.46448
565 -9.46448
566 -9.46448
567 -9.46448
568 -9.46448
569 -9.45587
570 -9.45587
571 -9.45587
572 -9.45587
573 -9.45587
574 -9.45587
575 -9.45587
576 -9.45587
577 -9.45587
578 -9.45587
579 -9.45587
580 -9.45587
581 -9.45587
582 -9.45587
583 -9.45587
584 -9.45587
585 -9.45587
586 -9.45126
587 -9.45126
588 -9.45126
589 -9.45126
590 -9.45126
591 -9.45126
592 -9.45126
593 -9.43553
594 -9.43553
595 -9.43553
596 -9.43553
597 -9.43553
598 -9.43553
599 -9.43553
600 -9.43553
601 -9.43553
602 -9.43553
603 -9.43553
604 -9.43553
605 -9.43553
606 -9.43553
607 -9.43553
608 -9.43553
609 -9.43553
610 -9.43553
611 -9.43553
612 -9.43553
613 -9.43553
614 -9.43553
615 -9.43553
616 -9.43553
617 -9.43553
618 -9.43553
619 -9.43553
620 -9.43553
621 -9.43553
622 -9.43553
623 -9.43553
624 -9.43553
625 -9.43553
626 -9.43553
627 -9.43553
628 -9.43553
629 -9.43553
630 -9.43553
631 -9.43553
632 -9.43553
633 -9.43553
634 -9.43553
635 -9.43553
636 -9.43553
637 -9.43553
638 -9.43553
639 -9.43553
640 -9.43553
641 -9.43553
642 -9.43553
643 -9.43553
644 -9.43553
645 -9.43553
646 -9.43553
647 -9.43553
648 -9.43553
649 -9.43553
650 -9.43553
651 -9.43553
652 -9.43553
653 -9.43553
654 -9.43553
655 -9.43553
656 -9.43553
657 -9.43553
658 -9.43553
659 -9.43553
660 -9.43553
661 -9.43553
662 -9.43553
663 -9.43553
664 -9.43553
665 -9.43553
666 -9.43553
667 -9.43553
668 -9.43553
669 -9.43553
670 -9.43553
671 -9.43553
672 -9.43553
673 -9.43553
674 -9.43553
675 -9.43553
676 -9.43553
677 -9.41499
678 -9.41499
679 -9.41499
680 -9.41499
681 -9.41499
682 -9.41499
683 -9.41499
684 -9.41499
685 -9.41499
686 -9.41499
687 -9.41499
688 -9.41499
689 -9.41499
690 -9.41499
691 -9.41499
692 -9.41499
693 -9.41499
694 -9.41499
695 -9.41499
696 -9.41499
697 -9.41499
698 -9.41499
699 -9.41499
700 -9.41499
701 -9.41499
702 -9.41499
703 -9.41499
704 -9.41499
705 -9.41499
706 -9.41499
707 -9.41499
708 -9.41499
709 -9.41499
710 -9.41499
711 -9.41499
712 -9.41499
713 -9.41499
714 -9.41499
715 -9.41499
716 -9.41499
717 -9.41499
718 -9.41499
719 -9.41499
720 -9.41499
721 -9.41499
722 -9.41499
723 -9.41499
724 -9.41499
725 -9.41499
726 -9.41499
727 -9.41499
728 -9.41499
729 -9.41499
730 -9.41499
731 -9.41499
732 -9.41499
733 -9.41499
734 -9.41499
735 -9.41499
736 -9.41499
737 -9.41499
738 -9.41499
739 -9.41499
740 -9.41499
741 -9.41499
742 -9.41499
743 -9.41499
744 -9.41499
745 -9.41499
746 -9.41499
747 -9.41499
748 -9.41499
749 -9.41499
750 -9.41499
751 -9.41499
752 -9.41499
753 -9.41499
754 -9.41499
755 -9.41499
756 -9.41499
757 -9.41499
758 -9.41499
759 -9.41499
760 -9.41499
761 -9.41499
762 -9.41499
763 -9.41499
764 -9.41499
765 -9.41499
766 -9.41499
767 -9.41499
768 -9.41499
769 -9.41499
770 -9.41499
771 -9.41499
772 -9.41499
773 -9.41499
774 -9.41499
775 -9.41499
776 -9.41499
777 -9.41499
778 -9.41499
779 -9.41499
780 -9.41499
781 -9.41499
782 -9.41499
783 -9.41499
784 -9.41499
785 -9.41499
786 -9.41499
787 -9.41499
788 -9.41499
789 -9.41499
790 -9.41499
791 -9.41499
792 -9.41499
793 -9.41499
794 -9.41499
795 -9.41499
796 -9.41499
797 -9.41499
798 -9.41499
799 -9.41499
800 -9.41499
801 -9.41499
802 -9.41499
803 -9.41499
804 -9.41499
805 -9.41499
806 -9.41499
807 -9.41499
808 -9.41499
809 -9.41499
810 -9.41499
811 -9.41499
812 -9.41499
813 -9.41499
814 -9.41499
815 -9.41499
816 -9.41499
817 -9.41499
818 -9.41499
819 -9.41499
820 -9.41499
821 -9.41499
822 -9.41499
823 -9.41499
824 -9.41499
825 -9.41499
826 -9.41499
827 -9.41499
828 -9.41499
829 -9.41499
830 -9.41499
831 -9.41499
832 -9.41499
833 -9.41499
834 -9.41499
835 -9.41499
836 -9.41499
837 -9.41499
838 -9.41499
839 -9.41499
840 -9.41499
841 -9.41499
842 -9.41499
843 -9.41499
844 -9.41499
845 -9.41499
846 -9.41499
847 -9.41499
848 -9.41499
849 -9.41499
850 -9.41499
851 -9.41499
852 -9.41499
853 -9.41499
854 -9.41499
855 -9.41499
856 -9.41499
857 -9.41499
858 -9.41499
859 -9.41499
860 -9.41499
861 -9.41499
862 -9.41499
863 -9.41499
864 -9.41499
865 -9.41499
866 -9.41499
867 -9.41499
868 -9.41499
869 -9.41499
870 -9.41499
871 -9.41499
872 -9.41499
873 -9.41499
874 -9.41499
875 -9.41499
876 -9.41499
877 -9.41499
878 -9.41499
879 -9.41499
880 -9.41499
881 -9.41499
882 -9.41499
883 -9.41499
884 -9.41499
885 -9.41499
886 -9.41499
887 -9.41499
888 -9.41499
889 -9.41499
890 -9.41499
891 -9.41499
892 -9.41499
893 -9.41499
894 -9.41499
895 -9.41499
896 -9.41499
897 -9.41499
898 -9.41499
899 -9.41499
900 -9.41499
901 -9.41499
902 -9.41499
903 -9.41499
904 -9.41499
905 -9.41499
906 -9.41499
907 -9.41499
908 -9.41499
909 -9.41499
910 -9.41499
911 -9.41499
912 -9.41499
913 -9.41499
914 -9.41499
915 -9.41499
916 -9.41499
917 -9.41499
918 -9.41499
919 -9.41499
920 -9.41499
921 -9.41499
922 -9.41499
923 -9.41499
924 -9.41499
925 -9.41499
926 -9.41499
927 -9.41499
928 -9.41499
929 -9.41499
930 -9.41499
931 -9.41499
932 -9.41499
933 -9.41499
934 -9.41499
935 -9.41499
936 -9.41499
937 -9.41499
938 -9.41499
939 -9.41499
940 -9.41499
941 -9.41499
942 -9.41499
943 -9.41499
944 -9.41499
945 -9.41499
946 -9.41499
947 -9.41499
948 -9.41499
949 -9.41499
950 -9.41499
951 -9.41499
952 -9.41499
953 -9.41499
954 -9.41499
955 -9.41499
956 -9.41499
957 -9.41499
958 -9.41499
959 -9.41499
960 -9.41499
961 -9.41499
962 -9.41499
963 -9.41499
964 -9.41499
965 -9.41499
966 -9.41499
967 -9.41499
968 -9.41499
969 -9.41499
970 -9.41499
971 -9.41499
972 -9.41499
973 -9.41499
974 -9.41499
975 -9.41499
976 -9.41499
977 -9.41499
978 -9.41499
979 -9.41499
980 -9.41499
981 -9.41499
982 -9.41499
983 -9.41499
984 -9.41499
985 -9.41499
986 -9.41499
987 -9.41499
988 -9.41499
989 -9.41499
990 -9.41499
991 -9.41499
992 -9.41499
993 -9.41499
994 -9.41499
995 -9.41499
996 -9.41499
997 -9.41499
998 -9.41499
999 -9.41499
