0 -4899.59
1 -4899.59
2 -4899.59
3 -4899.59
4 -4899.59
5 -4899.59
6 -4899.59
7 -4899.59
8 -4899.59
9 -4899.59
10 -4899.59
11 -4899.59
12 -4899.59
13 -4899.59
14 -4899.59
15 -4899.59
16 -4899.59
17 -4899.59
18 -4899.59
19 -4899.59
20 -4899.59
21 -4899.59
22 -4899.59
23 -4899.59
24 -4899.59
25 -4899.59
26 -4899.59
27 -4899.59
28 -4899.59
29 -4899.59
30 -4899.59
31 -4899.59
32 -4899.59
33 -4899.59
34 -4899.59
35 -4899.59
36 -4899.59
37 -4899.59
38 -4899.59
39 -4899.59
40 -4899.59
41 -4899.59
42 -4899.59
43 -4899.59
44 -4899.59
45 -4899.59
46 -4899.59
47 -4899.59
48 -4899.59
49 -4899.59
50 -4899.59
51 -4899.59
52 -4899.59
53 -4899.59
54 -4899.59
55 -4899.59
56 -4899.59
57 -4899.59
58 -4899.59
59 -4899.59
60 -4899.59
61 -4378.53
62 -4378.53
63 -4378.53
64 -4378.53
65 -4378.53
66 -4378.53
67 -4378.53
68 -4156.23
69 -4156.23
70 -4156.23
71 -4156.23
72 -3700.89
73 -3700.89
74 -3700.89
75 -3700.89
76 -2739.13
77 -2739.13
78 -2739.13
79 -2739.13
80 -2739.13
81 -2739.13
82 -2739.13
83 -2739.13
84 -2739.13
85 -2739.13
86 -2739.13
87 -2739.13
88 -2739.13
89 -2739.13
90 -2739.13
91 -2739.13
92 -2739.13
93 -2739.13
94 -2739.13
95 -2739.13
96 -2739.13
97 -2739.13
98 -2739.13
99 -2739.13
100 -2739.13
101 -2739.13
102 -2500.45
103 -2500.45
104 -2500.45
105 -1662.04
106 -1662.04
107 -1662.04
108 -1662.04
109 -1662.04
110 -1662.04
111 -1662.04
112 -1662.04
113 -1662.04
114 -1662.04
115 -1662.04
116 -1662.04
117 -1662.04
118 -1662.04
119 -1662.04
120 -1662.04
121 -1662.04
122 -1662.04
123 -1662.04
124 -1662.04
125 -1662.04
126 -1662.04
127 -1662.04
128 -1662.04
129 -1662.04
130 -1662.04
131 -1662.04
132 -1662.04
133 -1662.04
134 -1662.04
135 -1662.04
136 -1662.04
137 -1662.04
138 -1662.04
139 -1662.04
140 -1662.04
141 -1662.04
142 -1662.04
143 -1662.04
144 -1662.04
145 -1662.04
146 -1662.04
147 -1662.04
148 -1662.04
149 -1662.04
150 -1662.04
151 -1662.04
152 -1662.04
153 -1662.04
154 -1662.04
155 -1662.04
156 -1662.04
157 -1662.04
158 -1510.32
159 -1510.32
160 -1510.32
161 -1510.32
162 -1510.32
163 -1510.32
164 -1510.32
165 -1510.32
166 -1510.32
167 -1360.76
168 -1360.76
169 -1360.76
170 -1360.76
171 -1360.76
172 -1360.76
173 -1360.76
174 -1360.76
175 -1360.76
176 -1360.76
177 -1360.76
178 -1360.76
179 -1360.76
180 -1360.76
181 -1360.76
182 -1360.76
183 -1360.76
184 -843.134
185 -843.134
186 -843.134
187 -843.134
188 -843.134
189 -843.134
190 -716.408
191 -716.408
192 -716.408
193 -716.408
194 -716.408
195 -716.408
196 -716.408
197 -716.408
198 -716.408
199 -716.408
200 -716.408
201 -716.408
202 -716.408
203 -716.408
204 -716.408
205 -716.408
206 -716.408
207 -716.408
208 -716.408
209 -716.408
210 -716.408
211 -716.408
212 -716.408
213 -716.408
214 -716.408
215 -716.408
216 -716.408
217 -716.408
218 -716.408
219 -716.408
220 -716.408
221 -708.334
222 -708.334
223 -421.492
224 -421.492
225 -421.492
226 -421.492
227 -421.492
228 -421.492
229 -421.492
230 -421.492
231 -421.492
232 -421.492
233 -421.492
234 -421.492
235 -421.492
236 -421.492
237 -421.492
238 -421.492
239 -421.492
240 -421.492
241 -421.492
242 -421.492
243 -421.492
244 -421.492
245 -421.492
246 -421.492
247 -421.492
248 -421.492
249 -421.492
250 -421.492
251 -421.492
252 -421.492
253 -421.492
254 -421.492
255 -421.492
256 -421.492
257 -366.859
258 -366.859
259 -366.859
260 -366.859
261 -366.859
262 -366.859
263 -366.859
264 -366.859
265 -366.859
266 -366.859
267 -366.859
268 -366.859
269 -366.859
270 -366.859
271 -366.859
272 -366.859
273 -366.859
274 -363.943
275 -363.943
276 -269.835
277 -269.835
278 -269.835
279 -269.835
280 -269.835
281 -269.835
282 -269.835
283 -269.835
284 -269.835
285 -269.835
286 -269.835
287 -269.835
288 -269.835
289 -269.835
290 -269.835
291 -269.835
292 -269.835
293 -269.835
294 -269.835
295 -269.835
296 -269.835
297 -269.835
298 -256.965
299 -256.965
300 -191.814
301 -191.814
302 -191.814
303 -191.814
304 -191.814
305 -191.814
306 -191.814
307 -191.814
308 -191.814
309 -191.814
310 -191.814
311 -191.814
312 -191.814
313 -191.814
314 -191.814
315 -191.814
316 -191.814
317 -191.814
318 -76.4969
319 -76.4969
320 -76.4969
321 -76.4969
322 -76.4969
323 -76.4969
324 -76.4969
325 -76.4969
326 -76.4969
327 -76.4969
328 -76.4969
329 -76.4969
330 -76.4969
331 -76.4969
332 -76.4969
333 -76.4969
334 -76.4969
335 -76.4969
336 -76.4969
337 -76.4969
338 -76.4969
339 -76.4969
340 -76.4969
341 -76.4969
342 -76.4969
343 -76.4969
344 -76.4969
345 -76.4969
346 -76.4969
347 -76.4969
348 -76.4969
349 -76.4969
350 -76.4969
351 -76.4969
352 -76.4969
353 -76.4969
354 -76.4969
355 -76.4969
356 -76.4969
357 -76.4969
358 -76.4969
359 -76.4969
360 -76.4969
361 -76.4969
362 -76.4969
363 -76.4969
364 -59.7028
365 -59.7028
366 -59.7028
367 -59.7028
368 -59.7028
369 -59.7028
370 -59.7028
371 -59.7028
372 -59.7028
373 -59.7028
374 -59.7028
375 -59.7028
376 -59.7028
377 -59.7028
378 -42.6244
379 -42.6244
380 -42.6244
381 -42.6244
382 -42.6244
383 -42.6244
384 -42.6244
385 -42.6244
386 -42.6244
387 -25.0247
388 -25.0247
389 -25.0247
390 -25.0247
391 -25.0247
392 -25.0247
393 -25.0247
394 -11.631
395 -11.631
396 -11.631
397 -11.631
398 -11.631
399 -11.631
400 -11.631
401 -11.631
402 -11.631
403 -11.631
404 -11.631
405 -11.631
406 -11.631
407 -11.631
408 -11.631
409 -11.631
410 -11.631
411 -11.631
412 -11.631
413 -11.631
414 -11.631
415 -11.631
416 -11.631
417 -11.631
418 -11.631
419 -11.631
420 -11.631
421 -11.631
422 -11.631
423 -11.631
424 -11.631
425 -11.631
426 -11.631
427 -11.631
428 -11.631
429 -11.631
430 -11.631
431 -11.631
432 -11.631
433 -11.631
434 -11.631
435 -11.631
436 -11.631
437 -11.631
438 -11.631
439 -11.631
440 -11.631
441 -11.631
442 -11.631
443 -11.631
444 -11.631
445 -11.631
446 -11.631
447 -11.631
448 -11.631
449 -11.631
450 -11.631
451 -11.631
452 -11.631
453 -11.631
454 -11.631
455 -11.631
456 -11.631
457 -11.631
458 -11.631
459 -11.631
460 -11.631
461 -11.631
462 -11.631
463 -11.631
464 -11.631
465 -11.631
466 -11.631
467 -11.631
468 -11.631
469 -11.631
470 -11.631
471 -11.631
472 -11.631
473 -11.631
474 -11.631
475 -11.631
476 -11.631
477 -11.631
478 -11.631
479 -11.631
480 -11.631
481 -11.631
482 -11.631
483 -11.631
484 -11.631
485 -11.631
486 -11.631
487 -11.631
488 -11.631
489 -11.631
490 -11.631
491 -11.631
492 -11.631
493 -11.631
494 -11.631
495 -11.631
496 -11.631
497 -11.631
498 -11.631
499 -11.631
500 -11.631
501 -11.631
502 -11.631
503 -11.631
504 -11.631
505 -11.631
506 -11.631
507 -11.631
508 -11.631
509 -11.631
510 -11.631
511 -11.631
512 -11.0591
513 -11.0591
514 -11.0591
515 -11.0591
516 -11.0591
517 -11.0591
518 -11.0591
519 -11.0591
520 -11.0591
521 -11.0591
522 -11.0591
523 -11.0591
524 -11.0591
525 -11.0591
526 -11.0591
527 -11.0591
528 -11.0591
529 -11.0591
530 -11.0591
531 -11.0591
532 -11.0591
533 -11.0591
534 -11.0591
535 -11.0591
536 -11.0591
537 -11.0591
538 -11.0591
539 -11.0591
540 -11.0591
541 -11.0591
542 -11.0591
543 -11.0591
544 -11.0591
545 -11.0591
546 -11.0591
547 -11.0591
548 -11.0591
549 -11.0591
550 -11.0591
551 -11.0591
552 -11.0591
553 -11.0257
554 -11.0257
555 -11.0257
556 -11.0257
557 -11.0257
558 -11.0257
559 -11.0257
560 -11.0257
561 -11.0257
562 -11.0257
563 -11.0257
564 -11.0257
565 -11.0257
566 -11.0257
567 -11.0257
568 -11.0257
569 -11.0257
570 -11.0257
571 -11.0257
572 -11.0257
573 -11.0257
574 -10.2242
575 -10.2242
576 -10.2242
577 -10.2242
578 -10.2242
579 -10.2242
580 -10.2242
581 -10.2242
582 -10.2242
583 -10.2242
584 -10.2242
585 -10.2242
586 -10.2242
587 -10.2242
588 -10.2242
589 -10.2242
590 -10.2242
591 -10.2242
592 -10.2242
593 -10.2242
594 -10.2242
595 -10.2242
596 -10.2242
597 -10.2242
598 -10.2242
599 -9.99128
600 -9.99128
601 -9.99128
602 -9.99128
603 -9.99128
604 -9.83423
605 -9.83423
606 -9.83423
607 -9.83423
608 -9.83423
609 -9.83423
610 -9.83423
611 -9.83423
612 -9.83423
613 -9.83423
614 -9.83423
615 -9.83423
616 -9.83423
617 -9.83423
618 -9.83423
619 -9.83423
620 -9.83423
621 -9.83423
622 -9.83423
623 -9.83423
624 -9.83423
625 -9.83423
626 -9.83423
627 -9.83423
628 -9.83423
629 -9.83423
630 -9.83423
631 -9.83423
632 -9.83423
633 -9.83423
634 -9.83423
635 -9.83423
636 -9.83423
637 -9.83423
638 -9.83423
639 -9.83423
640 -9.83423
641 -9.83423
642 -9.83423
643 -9.83423
644 -9.83423
645 -9.83423
646 -9.83423
647 -9.83423
648 -9.83423
649 -9.83423
650 -9.83423
651 -9.83423
652 -9.83423
653 -9.83423
654 -9.83423
655 -9.83423
656 -9.83423
657 -9.83423
658 -9.83423
659 -9.83423
660 -9.83423
661 -9.83423
662 -9.83423
663 -9.83423
664 -9.83423
665 -9.83423
666 -9.83423
667 -9.83423
668 -9.83423
669 -9.83423
670 -9.83423
671 -9.83423
672 -9.83423
673 -9.83423
674 -9.83423
675 -9.83423
676 -9.83423
677 -9.83423
678 -9.83423
679 -9.83423
680 -9.83423
681 -9.83423
682 -9.83423
683 -9.83423
684 -9.83423
685 -9.74652
686 -9.74652
687 -9.74652
688 -9.74652
689 -9.74652
690 -9.74652
691 -9.74652
692 -9.74652
693 -9.74652
694 -9.74652
695 -9.74652
696 -9.74652
697 -9.74652
698 -9.74652
699 -9.74652
700 -9.74652
701 -9.74652
702 -9.74652
703 -9.74652
704 -9.74652
705 -9.74652
706 -9.69729
707 -9.66842
708 -9.66842
709 -9.66842
710 -9.66842
711 -9.66842
712 -9.66842
713 -9.66842
714 -9.66842
715 -9.66842
716 -9.66842
717 -9.66842
718 -9.66842
719 -9.66842
720 -9.66842
721 -9.66842
722 -9.66842
723 -9.66842
724 -9.66842
725 -9.66842
726 -9.6648
727 -9.59776
728 -9.59776
729 -9.59776
730 -9.59776
731 -9.59776
732 -9.59776
733 -9.59776
734 -9.59776
735 -9.59776
736 -9.59776
737 -9.59776
738 -9.59776
739 -9.59776
740 -9.59776
741 -9.59776
742 -9.59776
743 -9.59776
744 -9.55625
745 -9.55625
746 -9.55625
747 -9.55625
748 -9.55625
749 -9.55625
750 -9.54367
751 -9.54367
752 -9.54367
753 -9.54367
754 -9.54367
755 -9.54367
756 -9.54367
757 -9.54367
758 -9.54367
759 -9.54367
760 -9.54367
761 -9.54367
762 -9.54367
763 -9.54367
764 -9.54367
765 -9.54367
766 -9.54367
767 -9.54367
768 -9.54367
769 -9.54367
770 -9.54367
771 -9.54367
772 -9.54367
773 -9.54367
774 -9.54367
775 -9.54367
776 -9.54367
777 -9.54367
778 -9.54367
779 -9.54367
780 -9.54367
781 -9.54367
782 -9.54367
783 -9.54367
784 -9.54367
785 -9.54367
786 -9.54367
787 -9.54367
788 -9.54367
789 -9.54367
790 -9.54367
791 -9.54367
792 -9.54367
793 -9.54367
794 -9.54367
795 -9.54367
796 -9.54367
797 -9.54367
798 -9.54367
799 -9.54367
800 -9.54367
801 -9.54367
802 -9.54367
803 -9.54367
804 -9.54367
805 -9.54367
806 -9.54367
807 -9.54367
808 -9.54367
809 -9.54367
810 -9.54367
811 -9.54367
812 -9.54367
813 -9.54367
814 -9.54367
815 -9.54367
816 -9.54367
817 -9.54367
818 -9.54367
819 -9.54367
820 -9.54367
821 -9.54367
822 -9.54367
823 -9.54367
824 -9.54367
825 -9.54367
826 -9.54367
827 -9.54367
828 -9.5162
829 -9.5162
830 -9.5162
831 -9.5162
832 -9.5162
833 -9.5162
834 -9.5162
835 -9.5162
836 -9.5162
837 -9.5162
838 -9.5162
839 -9.5162
840 -9.5162
841 -9.5162
842 -9.5162
843 -9.5162
844 -9.5162
845 -9.5162
846 -9.5162
847 -9.5162
848 -9.5162
849 -9.5162
850 -9.5162
851 -9.51494
852 -9.51494
853 -9.51494
854 -9.51494
855 -9.51494
856 -9.50736
857 -9.50736
858 -9.50736
859 -9.50736
860 -9.50736
861 -9.50736
862 -9.50736
863 -9.50736
864 -9.50736
865 -9.50736
866 -9.50736
867 -9.50736
868 -9.50736
869 -9.50736
870 -9.50736
871 -9.50736
872 -9.50736
873 -9.50736
874 -9.50736
875 -9.50736
876 -9.49979
877 -9.49979
878 -9.49979
879 -9.49979
880 -9.49979
881 -9.49979
882 -9.49979
883 -9.49979
884 -9.49979
885 -9.49979
886 -9.49232
887 -9.49232
888 -9.49232
889 -9.49232
890 -9.49232
891 -9.49232
892 -9.49232
893 -9.49232
894 -9.49232
895 -9.49232
896 -9.49232
897 -9.49232
898 -9.49232
899 -9.49232
900 -9.49232
901 -9.49232
902 -9.49232
903 -9.49232
904 -9.49232
905 -9.49232
906 -9.49232
907 -9.49232
908 -9.49232
909 -9.49232
910 -9.49232
911 -9.49232
912 -9.49232
913 -9.49232
914 -9.49232
915 -9.49232
916 -9.49232
917 -9.49232
918 -9.49232
919 -9.49232
920 -9.49232
921 -9.49232
922 -9.49232
923 -9.49232
924 -9.49232
925 -9.49232
926 -9.49232
927 -9.49232
928 -9.49232
929 -9.49232
930 -9.49232
931 -9.49232
932 -9.49232
933 -9.49232
934 -9.49232
935 -9.49232
936 -9.49232
937 -9.49232
938 -9.49232
939 -9.49232
940 -9.49232
941 -9.49232
942 -9.48843
943 -9.48843
944 -9.48843
945 -9.48843
946 -9.48843
947 -9.48843
948 -9.48843
949 -9.48843
950 -9.48843
951 -9.48843
952 -9.48843
953 -9.48843
954 -9.48369
955 -9.48369
956 -9.48369
957 -9.48369
958 -9.48369
959 -9.48369
960 -9.48369
961 -9.48369
962 -9.48369
963 -9.46644
964 -9.46644
965 -9.46644
966 -9.46644
967 -9.46644
968 -9.46644
969 -9.46644
970 -9.46644
971 -9.46644
972 -9.46644
973 -9.46644
974 -9.46644
975 -9.46644
976 -9.46644
977 -9.46644
978 -9.46644
979 -9.46644
980 -9.46644
981 -9.46644
982 -9.46644
983 -9.46644
984 -9.46644
985 -9.46644
986 -9.45478
987 -9.45478
988 -9.45478
989 -9.45478
990 -9.45478
991 -9.45478
992 -9.45478
993 -9.4479
994 -9.4479
995 -9.4479
996 -9.4479
997 -9.4479
998 -9.4479
999 -9.4479
