0 -2193.36
1 -2193.36
2 -2193.36
3 -2193.36
4 -2193.36
5 -2193.36
6 -2193.36
7 -2193.36
8 -2193.36
9 -2193.36
10 -2193.36
11 -2193.36
12 -2193.36
13 -2193.36
14 -2193.36
15 -2193.36
16 -2193.36
17 -2193.36
18 -2193.36
19 -2193.36
20 -2193.36
21 -2193.36
22 -2193.36
23 -2193.36
24 -2193.36
25 -2193.36
26 -2193.36
27 -2193.36
28 -2193.36
29 -2193.36
30 -2193.36
31 -2193.36
32 -2193.36
33 -2193.36
34 -2193.36
35 -2193.36
36 -2193.36
37 -2193.36
38 -2193.36
39 -2193.36
40 -2193.36
41 -2193.36
42 -2193.36
43 -2193.36
44 -2193.36
45 -2193.36
46 -2193.36
47 -2193.36
48 -2193.36
49 -2193.36
50 -2193.36
51 -2193.36
52 -2193.36
53 -2193.36
54 -2193.36
55 -2193.36
56 -2193.36
57 -2193.36
58 -2193.36
59 -2193.36
60 -2193.36
61 -2193.36
62 -2193.36
63 -2193.36
64 -2193.36
65 -2193.36
66 -2193.36
67 -2193.36
68 -2193.36
69 -2193.36
70 -2193.36
71 -2193.36
72 -2193.36
73 -2193.36
74 -2193.36
75 -2193.36
76 -2193.36
77 -2193.36
78 -2193.36
79 -2193.36
80 -2193.36
81 -2193.36
82 -2193.36
83 -2193.36
84 -2193.36
85 -2193.36
86 -2193.36
87 -2137.76
88 -2137.76
89 -2137.76
90 -2137.76
91 -2137.76
92 -2137.76
93 -2137.76
94 -2137.76
95 -2137.76
96 -2137.76
97 -2137.76
98 -2137.76
99 -2137.76
100 -2137.76
101 -2137.76
102 -2137.76
103 -2137.76
104 -2137.76
105 -2137.76
106 -2065.06
107 -2065.06
108 -2065.06
109 -2065.06
110 -1461.89
111 -1461.89
112 -1461.89
113 -1461.89
114 -1461.89
115 -1461.89
116 -1267.53
117 -1267.53
118 -1267.53
119 -1267.53
120 -1267.53
121 -1267.53
122 -1267.53
123 -1267.53
124 -1039.3
125 -1039.3
126 -1039.3
127 -1039.3
128 -1039.3
129 -1039.3
130 -1039.3
131 -1039.3
132 -1039.3
133 -1039.3
134 -1039.3
135 -1039.3
136 -1039.3
137 -1039.3
138 -779.468
139 -779.468
140 -779.468
141 -779.468
142 -779.468
143 -779.468
144 -779.468
145 -779.468
146 -779.468
147 -779.468
148 -779.468
149 -779.468
150 -779.468
151 -779.468
152 -779.468
153 -779.468
154 -779.468
155 -779.468
156 -779.468
157 -779.468
158 -779.468
159 -779.468
160 -779.468
161 -779.468
162 -779.468
163 -779.468
164 -779.468
165 -779.468
166 -779.468
167 -779.468
168 -779.468
169 -779.468
170 -779.468
171 -779.468
172 -779.468
173 -779.468
174 -779.468
175 -779.468
176 -779.468
177 -779.468
178 -553.661
179 -553.661
180 -553.661
181 -553.661
182 -553.661
183 -553.661
184 -553.661
185 -553.661
186 -553.661
187 -553.661
188 -553.661
189 -553.661
190 -553.661
191 -553.661
192 -553.661
193 -553.661
194 -553.661
195 -553.661
196 -553.661
197 -553.661
198 -553.661
199 -553.661
200 -243.489
201 -243.489
202 -243.489
203 -243.489
204 -243.489
205 -243.489
206 -243.489
207 -243.489
208 -243.489
209 -243.489
210 -243.489
211 -243.489
212 -243.489
213 -243.489
214 -243.489
215 -243.489
216 -243.489
217 -243.489
218 -222.183
219 -222.183
220 -222.183
221 -222.183
222 -222.183
223 -222.183
224 -222.183
225 -222.183
226 -222.183
227 -222.183
228 -222.183
229 -222.183
230 -222.183
231 -222.183
232 -222.183
233 -222.183
234 -222.183
235 -222.183
236 -222.183
237 -222.183
238 -222.183
239 -222.183
240 -222.183
241 -222.183
242 -222.183
243 -222.183
244 -222.183
245 -222.183
246 -222.183
247 -130.946
248 -42.036
249 -42.036
250 -42.036
251 -42.036
252 -42.036
253 -42.036
254 -42.036
255 -42.036
256 -42.036
257 -42.036
258 -42.036
259 -42.036
260 -42.036
261 -42.036
262 -42.036
263 -42.036
264 -42.036
265 -42.036
266 -42.036
267 -42.036
268 -42.036
269 -42.036
270 -42.036
271 -42.036
272 -42.036
273 -42.036
274 -42.036
275 -42.036
276 -42.036
277 -42.036
278 -42.036
279 -42.036
280 -42.036
281 -42.036
282 -42.036
283 -42.036
284 -42.036
285 -42.036
286 -42.036
287 -40.5325
288 -40.5325
289 -40.5325
290 -40.5325
291 -40.5325
292 -40.5325
293 -40.5325
294 -40.5325
295 -40.5325
296 -40.5325
297 -40.5325
298 -40.5325
299 -40.5325
300 -40.5325
301 -40.5325
302 -40.5325
303 -40.5325
304 -40.5325
305 -40.5325
306 -40.5325
307 -40.5325
308 -40.5325
309 -40.5325
310 -40.5325
311 -40.5325
312 -40.5325
313 -40.5325
314 -40.5325
315 -40.5325
316 -40.5325
317 -40.5325
318 -40.5325
319 -40.5325
320 -40.5325
321 -40.5325
322 -40.5325
323 -40.5325
324 -40.5325
325 -40.5325
326 -33.7969
327 -33.7969
328 -33.7969
329 -33.7969
330 -33.7969
331 -33.7969
332 -33.7969
333 -30.2267
334 -30.2267
335 -30.2267
336 -30.2267
337 -30.2267
338 -30.2267
339 -30.2267
340 -30.2267
341 -30.2267
342 -30.2267
343 -30.2267
344 -19.8998
345 -19.8998
346 -19.8998
347 -19.8998
348 -19.8998
349 -19.8998
350 -19.8998
351 -19.8998
352 -19.8998
353 -19.8998
354 -19.8998
355 -19.8998
356 -19.8998
357 -17.6567
358 -17.6567
359 -17.6567
360 -17.6567
361 -17.6567
362 -17.6567
363 -17.6567
364 -17.6567
365 -17.6567
366 -17.6567
367 -17.6567
368 -17.6567
369 -17.6567
370 -17.6567
371 -17.6567
372 -17.6567
373 -17.6567
374 -17.6567
375 -17.6567
376 -17.6567
377 -17.6567
378 -17.6567
379 -17.6567
380 -17.6567
381 -17.6567
382 -17.6567
383 -17.6567
384 -17.6567
385 -17.6567
386 -17.6567
387 -17.6567
388 -17.6567
389 -17.6567
390 -17.6567
391 -17.6567
392 -17.6567
393 -17.6567
394 -17.6567
395 -17.6567
396 -17.6567
397 -17.6567
398 -17.6567
399 -17.6567
400 -17.6567
401 -17.6567
402 -17.6567
403 -17.6567
404 -17.6567
405 -17.6567
406 -17.6567
407 -17.6567
408 -17.6567
409 -17.6567
410 -14.4473
411 -14.4473
412 -14.4473
413 -14.4473
414 -14.4473
415 -12.9617
416 -12.9617
417 -12.9617
418 -12.9617
419 -12.9617
420 -12.9617
421 -12.9617
422 -12.9617
423 -12.9617
424 -12.9617
425 -12.9617
426 -12.9617
427 -12.9617
428 -12.9617
429 -12.9617
430 -12.9617
431 -12.9617
432 -12.9617
433 -12.9617
434 -12.9617
435 -12.9617
436 -12.9617
437 -12.9617
438 -12.9617
439 -12.9617
440 -12.9617
441 -12.9617
442 -12.9617
443 -12.9617
444 -12.9617
445 -12.9617
446 -12.9617
447 -12.9617
448 -12.9617
449 -12.9617
450 -12.9617
451 -12.9617
452 -12.9617
453 -12.9617
454 -12.9617
455 -12.9617
456 -12.9617
457 -12.1782
458 -12.1782
459 -12.1782
460 -12.1782
461 -12.1782
462 -12.1782
463 -12.1782
464 -12.1782
465 -12.1782
466 -12.1782
467 -12.1782
468 -12.1782
469 -12.1782
470 -12.1782
471 -12.1782
472 -12.1782
473 -12.1782
474 -12.1782
475 -12.1782
476 -12.1782
477 -12.1782
478 -12.1782
479 -12.1782
480 -12.1782
481 -12.1782
482 -12.1782
483 -12.1782
484 -12.1782
485 -12.1782
486 -12.1782
487 -11.8181
488 -11.8181
489 -11.8181
490 -11.8181
491 -11.8181
492 -11.8181
493 -11.8181
494 -11.8181
495 -11.0714
496 -11.0714
497 -11.0714
498 -11.0714
499 -11.0714
500 -11.0714
501 -11.0714
502 -11.0714
503 -11.0714
504 -11.0714
505 -11.0714
506 -11.0714
507 -11.0714
508 -10.5741
509 -10.5741
510 -10.5741
511 -10.5741
512 -10.001
513 -10.001
514 -10.001
515 -10.001
516 -10.001
517 -10.001
518 -10.001
519 -10.001
520 -10.001
521 -10.001
522 -10.001
523 -10.001
524 -10.001
525 -10.001
526 -10.001
527 -10.001
528 -10.001
529 -10.001
530 -10.001
531 -10.001
532 -10.001
533 -10.001
534 -10.001
535 -9.77152
536 -9.77152
537 -9.77152
538 -9.77152
539 -9.77152
540 -9.77152
541 -9.77152
542 -9.77152
543 -9.77152
544 -9.77152
545 -9.77152
546 -9.77152
547 -9.77152
548 -9.77152
549 -9.77152
550 -9.77152
551 -9.77152
552 -9.77152
553 -9.77152
554 -9.77152
555 -9.77152
556 -9.77152
557 -9.77152
558 -9.77152
559 -9.77152
560 -9.77152
561 -9.77152
562 -9.77152
563 -9.77152
564 -9.77152
565 -9.77152
566 -9.77152
567 -9.77152
568 -9.77152
569 -9.77152
570 -9.77152
571 -9.77152
572 -9.77152
573 -9.77152
574 -9.77152
575 -9.77152
576 -9.77152
577 -9.77152
578 -9.77152
579 -9.77152
580 -9.77152
581 -9.77152
582 -9.77152
583 -9.77152
584 -9.77152
585 -9.77152
586 -9.77152
587 -9.76258
588 -9.76258
589 -9.76258
590 -9.76258
591 -9.76258
592 -9.76258
593 -9.76258
594 -9.76258
595 -9.76258
596 -9.76258
597 -9.76258
598 -9.76258
599 -9.76258
600 -9.76258
601 -9.76258
602 -9.76258
603 -9.76258
604 -9.76258
605 -9.76258
606 -9.76258
607 -9.76258
608 -9.76258
609 -9.76258
610 -9.76258
611 -9.76258
612 -9.76258
613 -9.76258
614 -9.76258
615 -9.76258
616 -9.76258
617 -9.76258
618 -9.76258
619 -9.76258
620 -9.76258
621 -9.76258
622 -9.76258
623 -9.76258
624 -9.76258
625 -9.76258
626 -9.76258
627 -9.76258
628 -9.76258
629 -9.76258
630 -9.76258
631 -9.76258
632 -9.76258
633 -9.76258
634 -9.76258
635 -9.76258
636 -9.76258
637 -9.76258
638 -9.76258
639 -9.76258
640 -9.76258
641 -9.76258
642 -9.76258
643 -9.76258
644 -9.75481
645 -9.75481
646 -9.75481
647 -9.75481
648 -9.59697
649 -9.59697
650 -9.59697
651 -9.59697
652 -9.59697
653 -9.59697
654 -9.59697
655 -9.59697
656 -9.59697
657 -9.59697
658 -9.59697
659 -9.59697
660 -9.59697
661 -9.59697
662 -9.59697
663 -9.59697
664 -9.59697
665 -9.58416
666 -9.58416
667 -9.58416
668 -9.58416
669 -9.58416
670 -9.58416
671 -9.58416
672 -9.58416
673 -9.58416
674 -9.58416
675 -9.58416
676 -9.58416
677 -9.58416
678 -9.58416
679 -9.58416
680 -9.58416
681 -9.58416
682 -9.58416
683 -9.58416
684 -9.58416
685 -9.58416
686 -9.58416
687 -9.58416
688 -9.58416
689 -9.58416
690 -9.58416
691 -9.58416
692 -9.58416
693 -9.58416
694 -9.58416
695 -9.58416
696 -9.58416
697 -9.58416
698 -9.58416
699 -9.58416
700 -9.58416
701 -9.58416
702 -9.58416
703 -9.58416
704 -9.58416
705 -9.58416
706 -9.58416
707 -9.58416
708 -9.58416
709 -9.58416
710 -9.58416
711 -9.58416
712 -9.58416
713 -9.58416
714 -9.58416
715 -9.58416
716 -9.58416
717 -9.58416
718 -9.58416
719 -9.58416
720 -9.58416
721 -9.58416
722 -9.58416
723 -9.58416
724 -9.58416
725 -9.58416
726 -9.5814
727 -9.5814
728 -9.5814
729 -9.5814
730 -9.5814
731 -9.5814
732 -9.5814
733 -9.5814
734 -9.5814
735 -9.5814
736 -9.5814
737 -9.5814
738 -9.5814
739 -9.5814
740 -9.5814
741 -9.5814
742 -9.5814
743 -9.5814
744 -9.5814
745 -9.5814
746 -9.5814
747 -9.5814
748 -9.5814
749 -9.5814
750 -9.58116
751 -9.58116
752 -9.58116
753 -9.58116
754 -9.58116
755 -9.58116
756 -9.5554
757 -9.5554
758 -9.5554
759 -9.5554
760 -9.5554
761 -9.5554
762 -9.5554
763 -9.5554
764 -9.55481
765 -9.55444
766 -9.55444
767 -9.55444
768 -9.55444
769 -9.55444
770 -9.55444
771 -9.55444
772 -9.55444
773 -9.55444
774 -9.54569
775 -9.54569
776 -9.54569
777 -9.54569
778 -9.53139
779 -9.53139
780 -9.53139
781 -9.53139
782 -9.53139
783 -9.53139
784 -9.53139
785 -9.53139
786 -9.53139
787 -9.53139
788 -9.53139
789 -9.53139
790 -9.53139
791 -9.53139
792 -9.53139
793 -9.53139
794 -9.53139
795 -9.53139
796 -9.53139
797 -9.53139
798 -9.53139
799 -9.53139
800 -9.53139
801 -9.53139
802 -9.53139
803 -9.53139
804 -9.53139
805 -9.52644
806 -9.51
807 -9.51
808 -9.51
809 -9.51
810 -9.51
811 -9.51
812 -9.51
813 -9.50672
814 -9.50672
815 -9.50672
816 -9.50672
817 -9.50672
818 -9.50672
819 -9.50672
820 -9.50672
821 -9.50672
822 -9.50672
823 -9.50672
824 -9.50672
825 -9.50672
826 -9.50672
827 -9.50672
828 -9.50672
829 -9.50672
830 -9.50672
831 -9.50672
832 -9.50672
833 -9.50672
834 -9.50672
835 -9.50672
836 -9.50672
837 -9.50672
838 -9.5016
839 -9.5016
840 -9.50014
841 -9.50014
842 -9.45225
843 -9.45225
844 -9.45225
845 -9.45225
846 -9.45225
847 -9.45225
848 -9.45225
849 -9.45225
850 -9.45225
851 -9.45225
852 -9.45225
853 -9.45225
854 -9.45225
855 -9.45225
856 -9.45225
857 -9.45225
858 -9.45225
859 -9.45225
860 -9.45225
861 -9.45225
862 -9.45225
863 -9.45225
864 -9.45225
865 -9.45225
866 -9.45225
867 -9.45225
868 -9.45225
869 -9.45225
870 -9.45225
871 -9.45225
872 -9.45225
873 -9.45225
874 -9.45225
875 -9.45225
876 -9.45225
877 -9.45225
878 -9.45225
879 -9.45225
880 -9.45225
881 -9.45225
882 -9.45225
883 -9.45225
884 -9.45225
885 -9.45225
886 -9.45225
887 -9.45225
888 -9.45225
889 -9.45225
890 -9.45225
891 -9.45225
892 -9.45225
893 -9.45225
894 -9.45225
895 -9.45225
896 -9.45225
897 -9.45225
898 -9.45225
899 -9.45225
900 -9.45225
901 -9.45225
902 -9.45225
903 -9.45225
904 -9.45225
905 -9.45225
906 -9.45225
907 -9.45225
908 -9.45225
909 -9.45225
910 -9.45225
911 -9.45225
912 -9.45225
913 -9.45225
914 -9.45225
915 -9.45225
916 -9.45225
917 -9.45225
918 -9.45225
919 -9.45225
920 -9.45225
921 -9.45225
922 -9.45225
923 -9.45225
924 -9.45225
925 -9.45225
926 -9.45225
927 -9.45225
928 -9.45225
929 -9.4416
930 -9.4416
931 -9.4416
932 -9.4416
933 -9.4416
934 -9.4416
935 -9.4416
936 -9.4416
937 -9.4416
938 -9.4416
939 -9.4416
940 -9.4416
941 -9.4416
942 -9.4416
943 -9.4416
944 -9.4416
945 -9.4416
946 -9.4416
947 -9.4416
948 -9.4416
949 -9.4416
950 -9.4416
951 -9.4416
952 -9.4416
953 -9.4416
954 -9.4416
955 -9.4416
956 -9.4416
957 -9.4416
958 -9.4416
959 -9.4416
960 -9.4416
961 -9.4416
962 -9.4416
963 -9.4416
964 -9.4416
965 -9.4416
966 -9.4416
967 -9.4416
968 -9.4416
969 -9.4416
970 -9.4416
971 -9.4416
972 -9.4416
973 -9.4416
974 -9.4416
975 -9.4416
976 -9.4416
977 -9.4416
978 -9.4416
979 -9.4416
980 -9.4416
981 -9.4416
982 -9.4416
983 -9.4416
984 -9.4416
985 -9.4416
986 -9.4416
987 -9.4416
988 -9.4416
989 -9.4416
990 -9.4416
991 -9.4416
992 -9.4416
993 -9.4416
994 -9.4416
995 -9.4416
996 -9.4416
997 -9.4416
998 -9.4416
999 -9.4416
