0 -6086.83
1 -6086.83
2 -6086.83
3 -6086.83
4 -6086.83
5 -6086.83
6 -6086.83
7 -6086.83
8 -6086.83
9 -6086.83
10 -6086.83
11 -6086.83
12 -6086.83
13 -6086.83
14 -6086.83
15 -6086.83
16 -6086.83
17 -6086.83
18 -6086.83
19 -6086.83
20 -6086.83
21 -6086.83
22 -6086.83
23 -6086.83
24 -6086.83
25 -6086.83
26 -6086.83
27 -6086.83
28 -6086.83
29 -6086.83
30 -6086.83
31 -6086.83
32 -6086.83
33 -6086.83
34 -6086.83
35 -6086.83
36 -6086.83
37 -6086.83
38 -6086.83
39 -6086.83
40 -6086.83
41 -6086.83
42 -6086.83
43 -6086.83
44 -6086.83
45 -6086.83
46 -6086.83
47 -6086.83
48 -6086.83
49 -6086.83
50 -6086.83
51 -6086.83
52 -6086.83
53 -6086.83
54 -6086.83
55 -6086.83
56 -6086.83
57 -6086.83
58 -6086.83
59 -6086.83
60 -6086.83
61 -6086.83
62 -6086.83
63 -6086.83
64 -5951.43
65 -5951.43
66 -5951.43
67 -5351.21
68 -5351.21
69 -5351.21
70 -5351.21
71 -5351.21
72 -5351.21
73 -5351.21
74 -5351.21
75 -5351.21
76 -5351.21
77 -5351.21
78 -5351.21
79 -5351.21
80 -3695.2
81 -3695.2
82 -3695.2
83 -3695.2
84 -3131.85
85 -3131.85
86 -3131.85
87 -3131.85
88 -3131.85
89 -3131.85
90 -3131.85
91 -3131.85
92 -3131.85
93 -3131.85
94 -3131.85
95 -3131.85
96 -3131.85
97 -3131.85
98 -3131.85
99 -3131.85
100 -3131.85
101 -3131.85
102 -3131.85
103 -2303.47
104 -2303.47
105 -2303.47
106 -2303.47
107 -2303.47
108 -2303.47
109 -2303.47
110 -2303.47
111 -2303.47
112 -2303.47
113 -2303.47
114 -2303.47
115 -2303.47
116 -2303.47
117 -2303.47
118 -2303.47
119 -2303.47
120 -2303.47
121 -2303.47
122 -2303.47
123 -2303.47
124 -2303.47
125 -2303.47
126 -2303.47
127 -2303.47
128 -2303.47
129 -2303.47
130 -2303.47
131 -2303.47
132 -2303.47
133 -2303.47
134 -2303.47
135 -2303.47
136 -2303.47
137 -2303.47
138 -2303.47
139 -2303.47
140 -2303.47
141 -2303.47
142 -2303.47
143 -2303.47
144 -2303.47
145 -2303.47
146 -2303.47
147 -1970.62
148 -1970.62
149 -1970.62
150 -1970.62
151 -1970.62
152 -1559.96
153 -1495.72
154 -1495.72
155 -1495.72
156 -1495.72
157 -1495.72
158 -1495.72
159 -1495.72
160 -1495.72
161 -1495.72
162 -1495.72
163 -1495.72
164 -1495.72
165 -1495.72
166 -1495.72
167 -1495.72
168 -1495.72
169 -1495.72
170 -1495.72
171 -1495.72
172 -1495.72
173 -1495.72
174 -1495.72
175 -1495.72
176 -1495.72
177 -1495.72
178 -1495.72
179 -1495.72
180 -1495.72
181 -1495.72
182 -1495.72
183 -1495.72
184 -1495.72
185 -1495.72
186 -1495.72
187 -1337.66
188 -1337.66
189 -1337.66
190 -1337.66
191 -1337.66
192 -1337.66
193 -1337.66
194 -1337.66
195 -1337.66
196 -1337.66
197 -1337.66
198 -1337.66
199 -1337.66
200 -1337.66
201 -1337.66
202 -1337.66
203 -1337.66
204 -1337.66
205 -1291.09
206 -1291.09
207 -1254.63
208 -1254.63
209 -1088.25
210 -1088.25
211 -1088.25
212 -1088.25
213 -1088.25
214 -982.572
215 -982.572
216 -927.808
217 -927.808
218 -927.808
219 -927.808
220 -927.808
221 -927.808
222 -927.808
223 -770.271
224 -770.271
225 -770.271
226 -770.271
227 -770.271
228 -528.393
229 -528.393
230 -528.393
231 -528.393
232 -528.393
233 -528.393
234 -528.393
235 -528.393
236 -528.393
237 -528.393
238 -528.393
239 -528.393
240 -528.393
241 -528.393
242 -528.393
243 -528.393
244 -528.393
245 -467.289
246 -467.289
247 -467.289
248 -467.289
249 -467.289
250 -467.289
251 -467.289
252 -467.289
253 -467.289
254 -467.289
255 -467.289
256 -467.289
257 -467.289
258 -467.289
259 -284.132
260 -284.132
261 -284.132
262 -284.132
263 -284.132
264 -284.132
265 -220.753
266 -220.753
267 -220.753
268 -220.753
269 -220.753
270 -220.753
271 -220.753
272 -220.753
273 -220.753
274 -220.753
275 -220.753
276 -220.753
277 -220.753
278 -220.753
279 -220.753
280 -220.753
281 -220.753
282 -220.753
283 -220.753
284 -220.753
285 -220.753
286 -220.753
287 -220.753
288 -220.753
289 -220.753
290 -220.753
291 -220.753
292 -220.753
293 -220.753
294 -220.753
295 -220.753
296 -220.753
297 -220.753
298 -220.753
299 -220.753
300 -220.753
301 -220.753
302 -220.753
303 -220.753
304 -220.753
305 -220.753
306 -220.753
307 -220.753
308 -220.753
309 -220.753
310 -220.753
311 -220.753
312 -220.753
313 -220.753
314 -220.753
315 -220.753
316 -220.753
317 -220.753
318 -220.753
319 -220.753
320 -220.753
321 -220.753
322 -220.753
323 -175.565
324 -175.565
325 -175.565
326 -175.565
327 -175.565
328 -175.565
329 -175.565
330 -175.565
331 -175.565
332 -175.565
333 -165.015
334 -165.015
335 -165.015
336 -165.015
337 -165.015
338 -165.015
339 -165.015
340 -165.015
341 -165.015
342 -165.015
343 -165.015
344 -165.015
345 -123.817
346 -123.817
347 -123.817
348 -123.817
349 -123.817
350 -123.817
351 -101.533
352 -101.533
353 -101.533
354 -101.533
355 -101.533
356 -101.533
357 -101.533
358 -101.533
359 -101.533
360 -101.533
361 -101.533
362 -101.533
363 -39.1004
364 -39.1004
365 -39.1004
366 -39.1004
367 -39.1004
368 -39.1004
369 -39.1004
370 -39.1004
371 -39.1004
372 -39.1004
373 -39.1004
374 -39.1004
375 -39.1004
376 -39.1004
377 -39.1004
378 -39.1004
379 -39.1004
380 -39.1004
381 -39.1004
382 -39.1004
383 -39.1004
384 -39.1004
385 -39.1004
386 -39.1004
387 -39.1004
388 -39.1004
389 -39.1004
390 -39.1004
391 -39.1004
392 -39.1004
393 -39.1004
394 -39.1004
395 -39.1004
396 -39.1004
397 -39.1004
398 -39.1004
399 -39.1004
400 -39.1004
401 -39.1004
402 -39.1004
403 -39.1004
404 -39.1004
405 -39.1004
406 -39.1004
407 -39.1004
408 -39.1004
409 -39.1004
410 -39.1004
411 -39.1004
412 -39.1004
413 -39.1004
414 -39.1004
415 -30.2821
416 -30.2821
417 -30.2821
418 -30.2821
419 -30.2821
420 -30.2821
421 -30.2821
422 -29.3747
423 -29.3747
424 -29.3747
425 -29.3747
426 -29.3747
427 -29.3747
428 -29.3747
429 -29.3747
430 -29.3747
431 -29.3747
432 -29.3747
433 -29.3747
434 -29.3747
435 -15.4881
436 -15.4881
437 -15.4881
438 -15.4881
439 -15.4881
440 -15.4881
441 -15.4881
442 -15.4881
443 -15.4881
444 -15.4881
445 -15.4881
446 -15.4881
447 -15.4881
448 -15.4881
449 -15.4881
450 -15.4881
451 -15.4881
452 -15.4881
453 -15.4881
454 -15.4881
455 -15.4881
456 -15.4881
457 -15.4881
458 -15.4881
459 -15.4881
460 -15.4881
461 -15.4881
462 -15.4881
463 -15.4881
464 -15.4881
465 -15.4881
466 -15.4881
467 -15.4881
468 -15.4881
469 -15.4881
470 -15.4881
471 -15.4881
472 -15.4881
473 -15.4881
474 -15.4881
475 -15.4881
476 -15.4881
477 -15.4881
478 -15.4881
479 -15.4881
480 -15.4881
481 -15.4881
482 -15.4881
483 -15.4881
484 -15.4881
485 -15.4881
486 -15.4881
487 -15.4881
488 -15.4881
489 -15.4881
490 -15.4881
491 -15.4881
492 -15.4881
493 -15.4881
494 -15.4881
495 -15.4881
496 -15.4881
497 -15.4881
498 -15.4881
499 -15.4881
500 -15.4881
501 -15.4881
502 -15.4881
503 -15.4881
504 -15.4881
505 -15.4881
506 -15.4881
507 -15.4881
508 -15.4881
509 -15.4881
510 -15.4881
511 -15.4881
512 -15.4881
513 -15.4881
514 -15.4881
515 -15.4881
516 -15.4881
517 -15.4881
518 -15.4881
519 -15.4881
520 -15.4881
521 -15.4881
522 -15.4881
523 -15.4881
524 -15.4881
525 -15.4881
526 -15.4881
527 -15.4881
528 -15.4881
529 -15.2723
530 -15.2723
531 -15.2723
532 -15.2723
533 -15.0455
534 -15.0455
535 -15.0455
536 -15.0455
537 -15.0455
538 -14.1773
539 -14.1773
540 -14.1773
541 -13.4882
542 -13.4882
543 -13.4882
544 -13.4882
545 -13.4882
546 -13.4882
547 -13.4882
548 -13.4882
549 -13.4882
550 -13.4882
551 -13.4882
552 -13.4882
553 -13.4882
554 -13.4882
555 -13.4882
556 -13.4882
557 -13.4882
558 -13.4882
559 -13.4882
560 -13.4882
561 -13.4882
562 -13.4882
563 -13.4882
564 -13.4882
565 -13.4882
566 -13.4882
567 -13.4882
568 -11.2025
569 -11.2025
570 -11.2025
571 -11.2025
572 -11.2025
573 -11.2025
574 -11.2025
575 -11.2025
576 -11.2025
577 -11.2025
578 -11.2025
579 -11.2025
580 -10.3728
581 -10.3728
582 -10.3728
583 -10.3728
584 -10.3728
585 -10.3728
586 -10.3728
587 -10.3728
588 -10.3728
589 -10.3728
590 -10.3728
591 -10.3728
592 -10.3728
593 -10.3728
594 -10.3728
595 -10.3728
596 -10.3728
597 -10.3728
598 -10.3728
599 -10.3728
600 -10.3728
601 -10.3728
602 -10.3728
603 -10.3728
604 -10.3728
605 -9.86402
606 -9.86402
607 -9.86402
608 -9.86402
609 -9.86402
610 -9.86402
611 -9.86402
612 -9.86402
613 -9.86402
614 -9.86402
615 -9.86402
616 -9.86402
617 -9.6076
618 -9.6076
619 -9.6076
620 -9.6076
621 -9.6076
622 -9.6076
623 -9.6076
624 -9.6076
625 -9.6076
626 -9.6076
627 -9.6076
628 -9.6076
629 -9.6076
630 -9.6076
631 -9.6076
632 -9.6076
633 -9.6076
634 -9.6076
635 -9.6076
636 -9.6076
637 -9.6076
638 -9.6076
639 -9.6076
640 -9.6076
641 -9.6076
642 -9.6076
643 -9.6076
644 -9.6076
645 -9.6076
646 -9.6076
647 -9.6076
648 -9.6076
649 -9.6076
650 -9.6076
651 -9.6076
652 -9.6076
653 -9.6076
654 -9.6076
655 -9.6076
656 -9.6076
657 -9.6076
658 -9.6076
659 -9.6076
660 -9.6076
661 -9.6076
662 -9.6076
663 -9.6076
664 -9.6076
665 -9.6076
666 -9.6076
667 -9.6076
668 -9.6076
669 -9.6076
670 -9.6076
671 -9.6076
672 -9.6076
673 -9.6076
674 -9.6076
675 -9.6076
676 -9.6076
677 -9.6076
678 -9.6076
679 -9.6076
680 -9.6076
681 -9.6076
682 -9.6076
683 -9.6076
684 -9.6076
685 -9.6076
686 -9.6076
687 -9.60597
688 -9.60597
689 -9.60597
690 -9.60597
691 -9.60597
692 -9.60597
693 -9.60597
694 -9.60597
695 -9.60597
696 -9.60597
697 -9.60597
698 -9.60597
699 -9.60597
700 -9.60597
701 -9.60597
702 -9.60597
703 -9.60597
704 -9.60597
705 -9.60597
706 -9.60597
707 -9.60597
708 -9.60597
709 -9.60597
710 -9.60597
711 -9.60597
712 -9.60597
713 -9.60597
714 -9.60597
715 -9.60597
716 -9.60597
717 -9.53675
718 -9.51231
719 -9.51231
720 -9.51231
721 -9.51231
722 -9.51231
723 -9.51231
724 -9.51231
725 -9.51231
726 -9.51231
727 -9.51231
728 -9.51231
729 -9.51231
730 -9.51231
731 -9.51231
732 -9.51231
733 -9.51231
734 -9.51231
735 -9.51231
736 -9.51231
737 -9.51231
738 -9.51231
739 -9.51231
740 -9.51231
741 -9.51231
742 -9.51231
743 -9.51231
744 -9.51231
745 -9.51231
746 -9.51231
747 -9.51231
748 -9.51231
749 -9.51231
750 -9.51231
751 -9.51231
752 -9.51231
753 -9.51231
754 -9.51231
755 -9.51231
756 -9.51231
757 -9.51231
758 -9.51231
759 -9.51231
760 -9.51231
761 -9.51231
762 -9.51231
763 -9.51231
764 -9.51231
765 -9.51231
766 -9.51231
767 -9.51231
768 -9.51231
769 -9.51231
770 -9.51231
771 -9.51231
772 -9.51231
773 -9.51231
774 -9.51231
775 -9.51231
776 -9.51231
777 -9.51231
778 -9.51231
779 -9.51231
780 -9.51231
781 -9.51231
782 -9.51231
783 -9.51231
784 -9.51231
785 -9.51231
786 -9.51231
787 -9.51231
788 -9.51231
789 -9.51231
790 -9.51231
791 -9.51231
792 -9.51231
793 -9.51231
794 -9.51231
795 -9.51231
796 -9.51231
797 -9.51231
798 -9.51231
799 -9.51231
800 -9.51231
801 -9.51231
802 -9.51231
803 -9.51231
804 -9.51231
805 -9.51231
806 -9.51231
807 -9.51231
808 -9.51231
809 -9.51231
810 -9.51231
811 -9.51231
812 -9.51231
813 -9.51231
814 -9.51231
815 -9.51231
816 -9.51231
817 -9.51231
818 -9.51231
819 -9.51231
820 -9.51231
821 -9.51231
822 -9.51231
823 -9.51231
824 -9.51231
825 -9.51231
826 -9.51231
827 -9.51231
828 -9.51231
829 -9.51231
830 -9.51231
831 -9.51231
832 -9.51231
833 -9.51231
834 -9.51231
835 -9.51231
836 -9.51231
837 -9.51231
838 -9.51231
839 -9.51231
840 -9.51231
841 -9.51231
842 -9.51231
843 -9.51231
844 -9.51231
845 -9.51231
846 -9.45298
847 -9.45298
848 -9.45298
849 -9.45298
850 -9.45298
851 -9.45298
852 -9.45298
853 -9.45298
854 -9.45298
855 -9.45298
856 -9.45298
857 -9.45298
858 -9.45298
859 -9.45298
860 -9.45298
861 -9.45298
862 -9.45298
863 -9.45298
864 -9.45298
865 -9.45298
866 -9.45298
867 -9.45298
868 -9.45298
869 -9.45298
870 -9.45298
871 -9.45298
872 -9.45298
873 -9.45298
874 -9.45298
875 -9.45298
876 -9.45298
877 -9.45298
878 -9.45298
879 -9.45298
880 -9.45298
881 -9.45298
882 -9.45298
883 -9.45298
884 -9.45298
885 -9.45298
886 -9.45298
887 -9.45298
888 -9.45298
889 -9.45298
890 -9.45298
891 -9.45298
892 -9.45298
893 -9.45298
894 -9.45298
895 -9.45298
896 -9.45298
897 -9.45298
898 -9.45298
899 -9.45298
900 -9.45298
901 -9.45298
902 -9.45298
903 -9.45298
904 -9.45298
905 -9.45298
906 -9.45298
907 -9.45298
908 -9.45298
909 -9.45298
910 -9.45298
911 -9.45298
912 -9.45298
913 -9.45298
914 -9.45298
915 -9.45298
916 -9.45298
917 -9.45298
918 -9.45298
919 -9.45298
920 -9.45298
921 -9.45298
922 -9.45298
923 -9.45298
924 -9.45298
925 -9.45298
926 -9.45298
927 -9.45298
928 -9.45298
929 -9.45298
930 -9.45298
931 -9.45298
932 -9.45298
933 -9.45298
934 -9.45298
935 -9.45298
936 -9.45298
937 -9.45298
938 -9.45298
939 -9.45298
940 -9.45298
941 -9.45298
942 -9.45298
943 -9.45298
944 -9.45298
945 -9.45298
946 -9.45298
947 -9.45298
948 -9.45298
949 -9.45298
950 -9.45298
951 -9.45298
952 -9.45298
953 -9.45298
954 -9.45298
955 -9.45298
956 -9.45298
957 -9.45298
958 -9.45298
959 -9.45298
960 -9.45298
961 -9.45298
962 -9.45298
963 -9.45298
964 -9.45298
965 -9.45298
966 -9.45298
967 -9.45298
968 -9.45298
969 -9.45298
970 -9.45298
971 -9.45298
972 -9.45298
973 -9.45298
974 -9.45298
975 -9.45298
976 -9.45298
977 -9.45298
978 -9.45298
979 -9.45298
980 -9.45298
981 -9.45298
982 -9.45298
983 -9.45298
984 -9.45298
985 -9.45298
986 -9.45298
987 -9.45298
988 -9.45298
989 -9.45298
990 -9.45298
991 -9.45298
992 -9.45298
993 -9.45298
994 -9.45298
995 -9.45298
996 -9.45298
997 -9.45298
998 -9.45298
999 -9.45298
