0 -5495.98
1 -5495.98
2 -5495.98
3 -5495.98
4 -5495.98
5 -5495.98
6 -5495.98
7 -5495.98
8 -5495.98
9 -5495.98
10 -5495.98
11 -5495.98
12 -5495.98
13 -5495.98
14 -5495.98
15 -5495.98
16 -5495.98
17 -5495.98
18 -5495.98
19 -5495.98
20 -5495.98
21 -5495.98
22 -5495.98
23 -5495.98
24 -5495.98
25 -5495.98
26 -5495.98
27 -5495.98
28 -5495.98
29 -5495.98
30 -5495.98
31 -5495.98
32 -5495.98
33 -5495.98
34 -5495.98
35 -5495.98
36 -5495.98
37 -5495.98
38 -5495.98
39 -4681.23
40 -4325.46
41 -4325.46
42 -4325.46
43 -4325.46
44 -4325.46
45 -4325.46
46 -4325.46
47 -4325.46
48 -4325.46
49 -4325.46
50 -4325.46
51 -4325.46
52 -4325.46
53 -4325.46
54 -4325.46
55 -4325.46
56 -4325.46
57 -4325.46
58 -4325.46
59 -4325.46
60 -4325.46
61 -4325.46
62 -4325.46
63 -4325.46
64 -4325.46
65 -4325.46
66 -4325.46
67 -4325.46
68 -4325.46
69 -4325.46
70 -4325.46
71 -4325.46
72 -4325.46
73 -4325.46
74 -4325.46
75 -4325.46
76 -4325.46
77 -4325.46
78 -4325.46
79 -4325.46
80 -4325.46
81 -4325.46
82 -4161.56
83 -4161.56
84 -4161.56
85 -4161.56
86 -3947.74
87 -3947.74
88 -3947.74
89 -3947.74
90 -3148.87
91 -3148.87
92 -3148.87
93 -3148.87
94 -3148.87
95 -3148.87
96 -3148.87
97 -3148.87
98 -3148.87
99 -3148.87
100 -3148.87
101 -3148.87
102 -3148.87
103 -3148.87
104 -3148.87
105 -2271.39
106 -2271.39
107 -2271.39
108 -2271.39
109 -2271.39
110 -2271.39
111 -2271.39
112 -2271.39
113 -2271.39
114 -2271.39
115 -2271.39
116 -2271.39
117 -2271.39
118 -2271.39
119 -2271.39
120 -2271.39
121 -2271.39
122 -2271.39
123 -2271.39
124 -2271.39
125 -2271.39
126 -2067.51
127 -2067.51
128 -1861.47
129 -1861.47
130 -1861.47
131 -1861.47
132 -1861.47
133 -1861.47
134 -1861.47
135 -1861.47
136 -1861.47
137 -1861.47
138 -1861.47
139 -1861.47
140 -1861.47
141 -1861.47
142 -1861.47
143 -1861.47
144 -1861.47
145 -1861.47
146 -1052.89
147 -1052.89
148 -1052.89
149 -1052.89
150 -1052.89
151 -1052.89
152 -1052.89
153 -1052.89
154 -1052.89
155 -1052.89
156 -781.621
157 -781.621
158 -781.621
159 -754.183
160 -754.183
161 -754.183
162 -754.183
163 -754.183
164 -754.183
165 -754.183
166 -754.183
167 -754.183
168 -754.183
169 -754.183
170 -754.183
171 -754.183
172 -754.183
173 -754.183
174 -754.183
175 -754.183
176 -754.183
177 -754.183
178 -754.183
179 -754.183
180 -754.183
181 -754.183
182 -754.183
183 -754.183
184 -754.183
185 -754.183
186 -754.183
187 -754.183
188 -754.183
189 -754.183
190 -754.183
191 -754.183
192 -754.183
193 -754.183
194 -754.183
195 -754.183
196 -754.183
197 -754.183
198 -754.183
199 -754.183
200 -754.183
201 -754.183
202 -754.183
203 -754.183
204 -754.183
205 -754.183
206 -754.183
207 -754.183
208 -754.183
209 -754.183
210 -392.892
211 -392.892
212 -392.892
213 -392.892
214 -392.892
215 -392.892
216 -392.892
217 -392.892
218 -392.892
219 -392.892
220 -392.892
221 -392.892
222 -392.892
223 -392.892
224 -305.394
225 -305.394
226 -305.394
227 -305.394
228 -305.394
229 -305.394
230 -305.394
231 -305.394
232 -305.394
233 -305.394
234 -305.394
235 -305.394
236 -305.394
237 -305.394
238 -305.394
239 -305.394
240 -305.394
241 -305.394
242 -305.394
243 -305.394
244 -305.394
245 -305.394
246 -305.394
247 -305.394
248 -305.394
249 -305.394
250 -305.394
251 -305.394
252 -305.394
253 -305.394
254 -305.394
255 -305.394
256 -305.394
257 -305.394
258 -305.394
259 -305.394
260 -305.394
261 -305.394
262 -305.394
263 -305.394
264 -305.394
265 -299.385
266 -146.91
267 -146.91
268 -146.91
269 -146.91
270 -146.91
271 -146.91
272 -146.91
273 -146.91
274 -146.91
275 -146.91
276 -146.91
277 -146.91
278 -146.91
279 -146.91
280 -146.91
281 -146.91
282 -146.91
283 -146.91
284 -146.91
285 -146.91
286 -146.91
287 -146.91
288 -55.0814
289 -55.0814
290 -55.0814
291 -55.0814
292 -55.0814
293 -55.0814
294 -55.0814
295 -55.0814
296 -55.0814
297 -44.1945
298 -44.1945
299 -44.1945
300 -44.1945
301 -44.1945
302 -44.1945
303 -44.1945
304 -44.1945
305 -44.1945
306 -44.1945
307 -44.1945
308 -44.1945
309 -44.1945
310 -44.1945
311 -44.1945
312 -44.1945
313 -44.1945
314 -44.1945
315 -44.1945
316 -44.1945
317 -44.1945
318 -44.1945
319 -44.1945
320 -33.0563
321 -33.0563
322 -33.0563
323 -33.0563
324 -33.0563
325 -33.0563
326 -33.0563
327 -33.0563
328 -33.0563
329 -33.0563
330 -33.0563
331 -33.0563
332 -33.0563
333 -33.0563
334 -33.0563
335 -33.0563
336 -33.0563
337 -33.0563
338 -33.0563
339 -33.0563
340 -33.0563
341 -33.0563
342 -33.0563
343 -33.0563
344 -33.0563
345 -33.0563
346 -33.0563
347 -33.0563
348 -33.0563
349 -33.0563
350 -33.0563
351 -33.0563
352 -33.0563
353 -33.0563
354 -33.0563
355 -33.0563
356 -33.0563
357 -33.0563
358 -33.0563
359 -33.0563
360 -33.0563
361 -33.0563
362 -33.0563
363 -33.0563
364 -33.0563
365 -33.0563
366 -22.7551
367 -22.7551
368 -22.7551
369 -22.7551
370 -22.7551
371 -22.7551
372 -22.7551
373 -22.7551
374 -22.7551
375 -22.7551
376 -22.7551
377 -22.7551
378 -22.7551
379 -22.7551
380 -22.7551
381 -22.7551
382 -22.7551
383 -22.7551
384 -22.7551
385 -22.7551
386 -22.7551
387 -22.7551
388 -22.7551
389 -18.6429
390 -18.6429
391 -18.6429
392 -18.6429
393 -18.6429
394 -18.6429
395 -18.6429
396 -18.6429
397 -15.6814
398 -15.6814
399 -15.6814
400 -15.6814
401 -15.6814
402 -15.6814
403 -15.6814
404 -15.6814
405 -12.1287
406 -12.1287
407 -12.1287
408 -12.1287
409 -10.7955
410 -10.7955
411 -10.7955
412 -10.7955
413 -10.7955
414 -10.7955
415 -10.7955
416 -10.7955
417 -10.7955
418 -10.7955
419 -10.7955
420 -10.7955
421 -10.7955
422 -10.7955
423 -10.7955
424 -10.7955
425 -10.7955
426 -10.7955
427 -10.7955
428 -10.7955
429 -10.7955
430 -10.7955
431 -10.7955
432 -10.7955
433 -10.7955
434 -10.7955
435 -10.7955
436 -10.7955
437 -10.7955
438 -10.7955
439 -10.7955
440 -10.7955
441 -10.7955
442 -10.7955
443 -10.7955
444 -10.7955
445 -10.7955
446 -10.7955
447 -10.7955
448 -9.72285
449 -9.72285
450 -9.72285
451 -9.72285
452 -9.72285
453 -9.72285
454 -9.72285
455 -9.72285
456 -9.72285
457 -9.72285
458 -9.72285
459 -9.72285
460 -9.72285
461 -9.72285
462 -9.72285
463 -9.72285
464 -9.72285
465 -9.72285
466 -9.72285
467 -9.72285
468 -9.72285
469 -9.72285
470 -9.72285
471 -9.72285
472 -9.72285
473 -9.72285
474 -9.72285
475 -9.72285
476 -9.72285
477 -9.72285
478 -9.72285
479 -9.72285
480 -9.72285
481 -9.72285
482 -9.72285
483 -9.72285
484 -9.72285
485 -9.72285
486 -9.72285
487 -9.72285
488 -9.72285
489 -9.72285
490 -9.72285
491 -9.72285
492 -9.72285
493 -9.72285
494 -9.72285
495 -9.72285
496 -9.72285
497 -9.72285
498 -9.72285
499 -9.72285
500 -9.72285
501 -9.72285
502 -9.72285
503 -9.72285
504 -9.72285
505 -9.72285
506 -9.72285
507 -9.72285
508 -9.72285
509 -9.72285
510 -9.72285
511 -9.72285
512 -9.72285
513 -9.72285
514 -9.72285
515 -9.72285
516 -9.72285
517 -9.72285
518 -9.72285
519 -9.72285
520 -9.72285
521 -9.72285
522 -9.72285
523 -9.72285
524 -9.72285
525 -9.72285
526 -9.72285
527 -9.72285
528 -9.72285
529 -9.72285
530 -9.72285
531 -9.72285
532 -9.72285
533 -9.72285
534 -9.72285
535 -9.72285
536 -9.72285
537 -9.72285
538 -9.72285
539 -9.72285
540 -9.72285
541 -9.72285
542 -9.72285
543 -9.72285
544 -9.72285
545 -9.72285
546 -9.72285
547 -9.72285
548 -9.72285
549 -9.72285
550 -9.72285
551 -9.72285
552 -9.72285
553 -9.72285
554 -9.72285
555 -9.72285
556 -9.72285
557 -9.72285
558 -9.72285
559 -9.72285
560 -9.72285
561 -9.72285
562 -9.72285
563 -9.72285
564 -9.72285
565 -9.72285
566 -9.72285
567 -9.72285
568 -9.72285
569 -9.72285
570 -9.72285
571 -9.72285
572 -9.72285
573 -9.72285
574 -9.72285
575 -9.72285
576 -9.72285
577 -9.72285
578 -9.72285
579 -9.72285
580 -9.72285
581 -9.66325
582 -9.66325
583 -9.66325
584 -9.64459
585 -9.64459
586 -9.64459
587 -9.64459
588 -9.64459
589 -9.64459
590 -9.64459
591 -9.64459
592 -9.64459
593 -9.64459
594 -9.64459
595 -9.64459
596 -9.64459
597 -9.64459
598 -9.64459
599 -9.64459
600 -9.64459
601 -9.64459
602 -9.64459
603 -9.64459
604 -9.64459
605 -9.64459
606 -9.64459
607 -9.64459
608 -9.64459
609 -9.64459
610 -9.64459
611 -9.64459
612 -9.64459
613 -9.64459
614 -9.64459
615 -9.64459
616 -9.63494
617 -9.63494
618 -9.63494
619 -9.63494
620 -9.63494
621 -9.63494
622 -9.63494
623 -9.63494
624 -9.63494
625 -9.63494
626 -9.63494
627 -9.63494
628 -9.63494
629 -9.63494
630 -9.63494
631 -9.63494
632 -9.63494
633 -9.63494
634 -9.63494
635 -9.63494
636 -9.63494
637 -9.63494
638 -9.63494
639 -9.63494
640 -9.63494
641 -9.63494
642 -9.63494
643 -9.63494
644 -9.63494
645 -9.63494
646 -9.63494
647 -9.63494
648 -9.63494
649 -9.63494
650 -9.63494
651 -9.63494
652 -9.63494
653 -9.63494
654 -9.63494
655 -9.63494
656 -9.63494
657 -9.63494
658 -9.63494
659 -9.63494
660 -9.63494
661 -9.63336
662 -9.63336
663 -9.63336
664 -9.63336
665 -9.58554
666 -9.58554
667 -9.58554
668 -9.58554
669 -9.58554
670 -9.58554
671 -9.58554
672 -9.58554
673 -9.58554
674 -9.58554
675 -9.58554
676 -9.58554
677 -9.58554
678 -9.58554
679 -9.58554
680 -9.58554
681 -9.58554
682 -9.58554
683 -9.58554
684 -9.58554
685 -9.58554
686 -9.58554
687 -9.58554
688 -9.56912
689 -9.56912
690 -9.56912
691 -9.56912
692 -9.56912
693 -9.56912
694 -9.56912
695 -9.56912
696 -9.56912
697 -9.56912
698 -9.56912
699 -9.56912
700 -9.56912
701 -9.56912
702 -9.56912
703 -9.56912
704 -9.56912
705 -9.56912
706 -9.56912
707 -9.56912
708 -9.56912
709 -9.56912
710 -9.56912
711 -9.56912
712 -9.56688
713 -9.56688
714 -9.56688
715 -9.56688
716 -9.56688
717 -9.56688
718 -9.56688
719 -9.56688
720 -9.56688
721 -9.56688
722 -9.56688
723 -9.56688
724 -9.55667
725 -9.55667
726 -9.55667
727 -9.55667
728 -9.55667
729 -9.55667
730 -9.5413
731 -9.5413
732 -9.5413
733 -9.5413
734 -9.5413
735 -9.5413
736 -9.53595
737 -9.53595
738 -9.53595
739 -9.53595
740 -9.53595
741 -9.53595
742 -9.53595
743 -9.53595
744 -9.53595
745 -9.53595
746 -9.53595
747 -9.53595
748 -9.53595
749 -9.53595
750 -9.53595
751 -9.53595
752 -9.53595
753 -9.53595
754 -9.53595
755 -9.53595
756 -9.53595
757 -9.52109
758 -9.52109
759 -9.52109
760 -9.52109
761 -9.52109
762 -9.52109
763 -9.52109
764 -9.52109
765 -9.52109
766 -9.52109
767 -9.52109
768 -9.52109
769 -9.52109
770 -9.52109
771 -9.52109
772 -9.52109
773 -9.52109
774 -9.52109
775 -9.52109
776 -9.52109
777 -9.52109
778 -9.52109
779 -9.52109
780 -9.52109
781 -9.52109
782 -9.52109
783 -9.52109
784 -9.52109
785 -9.52109
786 -9.51961
787 -9.51961
788 -9.51961
789 -9.51961
790 -9.50253
791 -9.50253
792 -9.50253
793 -9.50253
794 -9.50253
795 -9.50253
796 -9.50253
797 -9.50253
798 -9.50253
799 -9.50253
800 -9.50253
801 -9.50253
802 -9.50253
803 -9.50253
804 -9.50253
805 -9.50253
806 -9.50253
807 -9.50253
808 -9.50253
809 -9.50253
810 -9.50253
811 -9.50253
812 -9.50253
813 -9.50253
814 -9.50253
815 -9.49683
816 -9.49683
817 -9.49683
818 -9.49683
819 -9.49683
820 -9.49683
821 -9.49683
822 -9.49519
823 -9.48698
824 -9.48698
825 -9.48698
826 -9.48698
827 -9.48698
828 -9.48698
829 -9.48698
830 -9.48698
831 -9.48698
832 -9.48698
833 -9.48698
834 -9.47404
835 -9.47404
836 -9.47404
837 -9.47404
838 -9.47404
839 -9.47404
840 -9.47404
841 -9.47404
842 -9.47246
843 -9.47246
844 -9.47246
845 -9.47246
846 -9.47246
847 -9.47246
848 -9.47246
849 -9.47246
850 -9.47246
851 -9.47246
852 -9.47246
853 -9.46476
854 -9.46476
855 -9.46476
856 -9.46476
857 -9.46476
858 -9.46476
859 -9.46476
860 -9.46476
861 -9.46476
862 -9.46476
863 -9.46476
864 -9.46476
865 -9.46476
866 -9.46476
867 -9.46476
868 -9.46476
869 -9.46476
870 -9.46476
871 -9.46259
872 -9.46259
873 -9.46259
874 -9.46259
875 -9.46259
876 -9.46259
877 -9.46259
878 -9.46259
879 -9.45318
880 -9.45318
881 -9.45318
882 -9.45318
883 -9.45318
884 -9.45318
885 -9.45318
886 -9.45318
887 -9.45318
888 -9.45318
889 -9.45318
890 -9.45318
891 -9.45318
892 -9.45318
893 -9.45318
894 -9.45318
895 -9.44608
896 -9.44608
897 -9.44608
898 -9.44608
899 -9.44608
900 -9.44608
901 -9.44608
902 -9.44608
903 -9.44608
904 -9.44608
905 -9.44608
906 -9.44608
907 -9.44608
908 -9.44608
909 -9.44608
910 -9.44608
911 -9.44608
912 -9.44608
913 -9.44608
914 -9.44608
915 -9.44608
916 -9.44608
917 -9.44608
918 -9.43202
919 -9.43202
920 -9.43202
921 -9.43202
922 -9.43202
923 -9.43202
924 -9.43202
925 -9.43202
926 -9.43202
927 -9.43202
928 -9.43202
929 -9.43202
930 -9.43202
931 -9.43202
932 -9.43202
933 -9.43202
934 -9.43202
935 -9.43202
936 -9.43202
937 -9.43202
938 -9.43202
939 -9.43202
940 -9.43202
941 -9.43202
942 -9.43202
943 -9.43202
944 -9.43202
945 -9.43202
946 -9.43202
947 -9.43202
948 -9.43202
949 -9.43202
950 -9.43202
951 -9.43202
952 -9.43202
953 -9.43202
954 -9.43202
955 -9.43202
956 -9.43202
957 -9.43202
958 -9.43202
959 -9.43202
960 -9.43202
961 -9.43202
962 -9.43202
963 -9.43202
964 -9.43202
965 -9.43202
966 -9.43202
967 -9.43202
968 -9.43202
969 -9.43012
970 -9.43012
971 -9.43012
972 -9.43012
973 -9.43012
974 -9.43012
975 -9.43012
976 -9.43012
977 -9.43012
978 -9.43012
979 -9.43012
980 -9.43012
981 -9.43012
982 -9.43012
983 -9.43012
984 -9.43012
985 -9.43012
986 -9.43012
987 -9.43012
988 -9.43012
989 -9.43012
990 -9.43012
991 -9.43012
992 -9.43012
993 -9.43012
994 -9.43012
995 -9.43012
996 -9.43012
997 -9.43012
998 -9.43012
999 -9.43012
