0 -4855.71
1 -4855.71
2 -4855.71
3 -4855.71
4 -4855.71
5 -4855.71
6 -4855.71
7 -4855.71
8 -4855.71
9 -4855.71
10 -4855.71
11 -4855.71
12 -4855.71
13 -4855.71
14 -4855.71
15 -4855.71
16 -4855.71
17 -4855.71
18 -4855.71
19 -4855.71
20 -4855.71
21 -4855.71
22 -4855.71
23 -4855.71
24 -4855.71
25 -4855.71
26 -4855.71
27 -4855.71
28 -4855.71
29 -4855.71
30 -4855.71
31 -4855.71
32 -4855.71
33 -4855.71
34 -4855.71
35 -4855.71
36 -4855.71
37 -4855.71
38 -4855.71
39 -4855.71
40 -4855.71
41 -4855.71
42 -4855.71
43 -4855.71
44 -4855.71
45 -4855.71
46 -4855.71
47 -4855.71
48 -4855.71
49 -4855.71
50 -4855.71
51 -4855.71
52 -4855.71
53 -4855.71
54 -4855.71
55 -4855.71
56 -4855.71
57 -4855.71
58 -4855.71
59 -4855.71
60 -4855.71
61 -4855.71
62 -4855.71
63 -4855.71
64 -4855.71
65 -4855.71
66 -4855.71
67 -4855.71
68 -4855.71
69 -4855.71
70 -4855.71
71 -4855.71
72 -4855.71
73 -4855.71
74 -4855.71
75 -4855.71
76 -4855.71
77 -4855.71
78 -4855.71
79 -4855.71
80 -4855.71
81 -4855.71
82 -4855.71
83 -4855.71
84 -4855.71
85 -4855.71
86 -4739.92
87 -4739.92
88 -4739.92
89 -4739.92
90 -4739.92
91 -4739.92
92 -4739.92
93 -4739.92
94 -4739.92
95 -4739.92
96 -4739.92
97 -4739.92
98 -4739.92
99 -4739.92
100 -4739.92
101 -4739.92
102 -4739.92
103 -4739.92
104 -4739.92
105 -4739.92
106 -4739.92
107 -4739.92
108 -4739.92
109 -4449.69
110 -4449.69
111 -4308.24
112 -4308.24
113 -4308.24
114 -4308.24
115 -3767.16
116 -3767.16
117 -3767.16
118 -3767.16
119 -3767.16
120 -3767.16
121 -3767.16
122 -3767.16
123 -3743.13
124 -3743.13
125 -3276.57
126 -3276.57
127 -3276.57
128 -3276.57
129 -3276.57
130 -3276.57
131 -3276.57
132 -3276.57
133 -3276.57
134 -3276.57
135 -3276.57
136 -3276.57
137 -3276.57
138 -3276.57
139 -3215.22
140 -3215.22
141 -2674.29
142 -2674.29
143 -2674.29
144 -2674.29
145 -2674.29
146 -2674.29
147 -2674.29
148 -2674.29
149 -2674.29
150 -2674.29
151 -2674.29
152 -2674.29
153 -2674.29
154 -2674.29
155 -2674.29
156 -2674.29
157 -2674.29
158 -2674.29
159 -2674.29
160 -2674.29
161 -2396.06
162 -2396.06
163 -2396.06
164 -1784.82
165 -1784.82
166 -1784.82
167 -1784.82
168 -1532.93
169 -1532.93
170 -1532.93
171 -1532.93
172 -1532.93
173 -1532.93
174 -1532.93
175 -1532.93
176 -1532.93
177 -1532.93
178 -1532.93
179 -1532.93
180 -1532.93
181 -1532.93
182 -1532.93
183 -1532.93
184 -1532.93
185 -1532.93
186 -1532.93
187 -1532.93
188 -1532.93
189 -1532.93
190 -1532.93
191 -1532.93
192 -1532.93
193 -1532.93
194 -1336.32
195 -1336.32
196 -1336.32
197 -1336.32
198 -1336.32
199 -1336.32
200 -1336.32
201 -1336.32
202 -1336.32
203 -1336.32
204 -1336.32
205 -1336.32
206 -1336.32
207 -1336.32
208 -1336.32
209 -1336.32
210 -1336.32
211 -1336.32
212 -1336.32
213 -1336.32
214 -1336.32
215 -1336.32
216 -1336.32
217 -1336.32
218 -1336.32
219 -1336.32
220 -1336.32
221 -1336.32
222 -1177.03
223 -1177.03
224 -1177.03
225 -1177.03
226 -1177.03
227 -1177.03
228 -1177.03
229 -1177.03
230 -1177.03
231 -1177.03
232 -1177.03
233 -847.636
234 -847.636
235 -847.636
236 -847.636
237 -847.636
238 -847.636
239 -847.636
240 -847.636
241 -795.216
242 -795.216
243 -795.216
244 -795.216
245 -795.216
246 -795.216
247 -795.216
248 -795.216
249 -795.216
250 -795.216
251 -795.216
252 -795.216
253 -795.216
254 -795.216
255 -673.339
256 -673.339
257 -673.339
258 -673.339
259 -663.331
260 -663.331
261 -663.331
262 -663.331
263 -663.331
264 -663.331
265 -663.331
266 -663.331
267 -663.331
268 -663.331
269 -663.331
270 -663.331
271 -663.331
272 -663.331
273 -663.331
274 -663.331
275 -663.331
276 -663.331
277 -663.331
278 -663.331
279 -663.331
280 -656.765
281 -573.69
282 -564.755
283 -564.755
284 -564.755
285 -481.091
286 -481.091
287 -481.091
288 -481.091
289 -481.091
290 -481.091
291 -481.091
292 -481.091
293 -481.091
294 -481.091
295 -481.091
296 -481.091
297 -344.973
298 -344.973
299 -344.973
300 -344.973
301 -296.531
302 -296.531
303 -296.531
304 -296.531
305 -296.531
306 -296.531
307 -296.531
308 -296.531
309 -296.531
310 -296.531
311 -296.531
312 -296.531
313 -296.531
314 -296.531
315 -296.531
316 -296.531
317 -296.531
318 -296.531
319 -219.223
320 -219.223
321 -219.223
322 -219.223
323 -219.223
324 -219.223
325 -205.203
326 -205.203
327 -205.203
328 -205.203
329 -115.832
330 -115.832
331 -115.832
332 -115.832
333 -115.832
334 -115.832
335 -115.832
336 -115.832
337 -115.832
338 -115.832
339 -115.832
340 -115.832
341 -115.832
342 -115.832
343 -115.832
344 -115.832
345 -115.832
346 -115.832
347 -115.832
348 -115.832
349 -115.832
350 -115.832
351 -115.832
352 -115.832
353 -115.832
354 -115.832
355 -115.832
356 -111.285
357 -111.285
358 -111.285
359 -111.285
360 -111.285
361 -111.285
362 -111.285
363 -111.285
364 -111.285
365 -111.285
366 -111.285
367 -111.285
368 -111.285
369 -111.285
370 -111.285
371 -111.285
372 -111.285
373 -111.285
374 -111.285
375 -111.285
376 -102.232
377 -102.232
378 -102.232
379 -102.232
380 -102.232
381 -102.232
382 -102.232
383 -88.4871
384 -88.4871
385 -88.4871
386 -88.4871
387 -88.4871
388 -88.4871
389 -88.4871
390 -88.4871
391 -88.4871
392 -88.4871
393 -88.4871
394 -65.4748
395 -65.4748
396 -65.4748
397 -65.4748
398 -65.4748
399 -65.4748
400 -65.4748
401 -65.4748
402 -65.4748
403 -65.4748
404 -65.4748
405 -65.4748
406 -65.4748
407 -28.3791
408 -15.0553
409 -15.0553
410 -15.0553
411 -15.0553
412 -15.0553
413 -15.0553
414 -15.0553
415 -15.0553
416 -15.0553
417 -15.0553
418 -15.0553
419 -15.0553
420 -15.0553
421 -15.0553
422 -15.0553
423 -15.0553
424 -15.0553
425 -15.0553
426 -15.0553
427 -15.0553
428 -15.0553
429 -15.0553
430 -15.0553
431 -15.0553
432 -15.0553
433 -15.0553
434 -15.0553
435 -15.0553
436 -15.0553
437 -15.0553
438 -15.0553
439 -15.0553
440 -15.0553
441 -15.0553
442 -15.0553
443 -15.0553
444 -15.0553
445 -15.0553
446 -15.0553
447 -15.0553
448 -15.0553
449 -15.0553
450 -15.0553
451 -15.0553
452 -15.0553
453 -15.0553
454 -15.0553
455 -15.0553
456 -15.0553
457 -15.0553
458 -15.0553
459 -15.0553
460 -15.0553
461 -15.0553
462 -15.0553
463 -15.0553
464 -15.0553
465 -15.0553
466 -15.0553
467 -15.0553
468 -15.0553
469 -15.0553
470 -15.0553
471 -15.0553
472 -15.0553
473 -15.0553
474 -15.0553
475 -15.0553
476 -15.0553
477 -15.0553
478 -15.0553
479 -15.0553
480 -15.0553
481 -15.0553
482 -15.0553
483 -15.0553
484 -15.0553
485 -15.0553
486 -15.0553
487 -15.0553
488 -15.0553
489 -15.0553
490 -15.0553
491 -15.0553
492 -15.0553
493 -15.0553
494 -13.8652
495 -13.8652
496 -13.8652
497 -13.8652
498 -13.8652
499 -13.8652
500 -13.8652
501 -13.8652
502 -13.8652
503 -13.8652
504 -13.8652
505 -13.8652
506 -13.8652
507 -13.8652
508 -10.9025
509 -10.9025
510 -10.9025
511 -10.9025
512 -10.9025
513 -10.9025
514 -10.9025
515 -10.9025
516 -10.9025
517 -10.9025
518 -10.9025
519 -10.9025
520 -10.9025
521 -10.9025
522 -10.9025
523 -10.9025
524 -10.9025
525 -10.9025
526 -10.9025
527 -9.68944
528 -9.68944
529 -9.68944
530 -9.68944
531 -9.68944
532 -9.68944
533 -9.68944
534 -9.68944
535 -9.68944
536 -9.68944
537 -9.68944
538 -9.68944
539 -9.68944
540 -9.68944
541 -9.68944
542 -9.68944
543 -9.68944
544 -9.68944
545 -9.68944
546 -9.68944
547 -9.68944
548 -9.68944
549 -9.68944
550 -9.68944
551 -9.68944
552 -9.68944
553 -9.68944
554 -9.68944
555 -9.68944
556 -9.68944
557 -9.68944
558 -9.68944
559 -9.68944
560 -9.68944
561 -9.68944
562 -9.68944
563 -9.68944
564 -9.68944
565 -9.68944
566 -9.68944
567 -9.68944
568 -9.68944
569 -9.68944
570 -9.68944
571 -9.68944
572 -9.68944
573 -9.68944
574 -9.68944
575 -9.68944
576 -9.68944
577 -9.68944
578 -9.68944
579 -9.68944
580 -9.68944
581 -9.68944
582 -9.68944
583 -9.68944
584 -9.68944
585 -9.68944
586 -9.68944
587 -9.68944
588 -9.68944
589 -9.68944
590 -9.68944
591 -9.68944
592 -9.68944
593 -9.68944
594 -9.68944
595 -9.68944
596 -9.68944
597 -9.68944
598 -9.68944
599 -9.68944
600 -9.68944
601 -9.68944
602 -9.68944
603 -9.68944
604 -9.68944
605 -9.68944
606 -9.68944
607 -9.68944
608 -9.68944
609 -9.68944
610 -9.68944
611 -9.68944
612 -9.68944
613 -9.68944
614 -9.68944
615 -9.68944
616 -9.68944
617 -9.68944
618 -9.68944
619 -9.68944
620 -9.63692
621 -9.63692
622 -9.63692
623 -9.63692
624 -9.63692
625 -9.63692
626 -9.63692
627 -9.63692
628 -9.63692
629 -9.63692
630 -9.63692
631 -9.63692
632 -9.63692
633 -9.63692
634 -9.63692
635 -9.63692
636 -9.63692
637 -9.63692
638 -9.63692
639 -9.63692
640 -9.63692
641 -9.63692
642 -9.63692
643 -9.63692
644 -9.63692
645 -9.63692
646 -9.63692
647 -9.63692
648 -9.63692
649 -9.63692
650 -9.63692
651 -9.63692
652 -9.63692
653 -9.63692
654 -9.63692
655 -9.63692
656 -9.63692
657 -9.63692
658 -9.63692
659 -9.63692
660 -9.63692
661 -9.56196
662 -9.56196
663 -9.56196
664 -9.56196
665 -9.56196
666 -9.56196
667 -9.56196
668 -9.56196
669 -9.56196
670 -9.56196
671 -9.56196
672 -9.56196
673 -9.56196
674 -9.56196
675 -9.56196
676 -9.56196
677 -9.56196
678 -9.56196
679 -9.56196
680 -9.56196
681 -9.56196
682 -9.56196
683 -9.56196
684 -9.56196
685 -9.56196
686 -9.56196
687 -9.56196
688 -9.56196
689 -9.56196
690 -9.56196
691 -9.56196
692 -9.56196
693 -9.56196
694 -9.56196
695 -9.56196
696 -9.56196
697 -9.56196
698 -9.56196
699 -9.56196
700 -9.56196
701 -9.56196
702 -9.56196
703 -9.56196
704 -9.56196
705 -9.56196
706 -9.56196
707 -9.56196
708 -9.56196
709 -9.56196
710 -9.56196
711 -9.56196
712 -9.56196
713 -9.56196
714 -9.56196
715 -9.56196
716 -9.56196
717 -9.56196
718 -9.56196
719 -9.56196
720 -9.56196
721 -9.56196
722 -9.56196
723 -9.56196
724 -9.56196
725 -9.56196
726 -9.56196
727 -9.56196
728 -9.56196
729 -9.56196
730 -9.56196
731 -9.56196
732 -9.56196
733 -9.56196
734 -9.55938
735 -9.55938
736 -9.55938
737 -9.55938
738 -9.55938
739 -9.55938
740 -9.55938
741 -9.55938
742 -9.55938
743 -9.55938
744 -9.55938
745 -9.55938
746 -9.55938
747 -9.55938
748 -9.47311
749 -9.47311
750 -9.47311
751 -9.47311
752 -9.47311
753 -9.47311
754 -9.47311
755 -9.47311
756 -9.47311
757 -9.47311
758 -9.47311
759 -9.47311
760 -9.47311
761 -9.47311
762 -9.47311
763 -9.47311
764 -9.47311
765 -9.47311
766 -9.47311
767 -9.47311
768 -9.47311
769 -9.47311
770 -9.47311
771 -9.47311
772 -9.47311
773 -9.47311
774 -9.47311
775 -9.47311
776 -9.47311
777 -9.47311
778 -9.47311
779 -9.47311
780 -9.47311
781 -9.47311
782 -9.47311
783 -9.47311
784 -9.47311
785 -9.47311
786 -9.47311
787 -9.47311
788 -9.47311
789 -9.47311
790 -9.47311
791 -9.47311
792 -9.47311
793 -9.47311
794 -9.47311
795 -9.47311
796 -9.47311
797 -9.47311
798 -9.47311
799 -9.47311
800 -9.47311
801 -9.47311
802 -9.47311
803 -9.47311
804 -9.47311
805 -9.47311
806 -9.47311
807 -9.47311
808 -9.47311
809 -9.47311
810 -9.47311
811 -9.47311
812 -9.47311
813 -9.47311
814 -9.47311
815 -9.47311
816 -9.47311
817 -9.47311
818 -9.47311
819 -9.47311
820 -9.47311
821 -9.47311
822 -9.47311
823 -9.47311
824 -9.47311
825 -9.47311
826 -9.47311
827 -9.47311
828 -9.47311
829 -9.47311
830 -9.47311
831 -9.47311
832 -9.47311
833 -9.47311
834 -9.47311
835 -9.47311
836 -9.47311
837 -9.47311
838 -9.47311
839 -9.47311
840 -9.47311
841 -9.47311
842 -9.47311
843 -9.47311
844 -9.47311
845 -9.47311
846 -9.47311
847 -9.47311
848 -9.47311
849 -9.47311
850 -9.47311
851 -9.47311
852 -9.47311
853 -9.47311
854 -9.47311
855 -9.47311
856 -9.47311
857 -9.47311
858 -9.47311
859 -9.47311
860 -9.47311
861 -9.47311
862 -9.47311
863 -9.47311
864 -9.47311
865 -9.47311
866 -9.47311
867 -9.47311
868 -9.47311
869 -9.47311
870 -9.47311
871 -9.47311
872 -9.47311
873 -9.47311
874 -9.47311
875 -9.47311
876 -9.47311
877 -9.47311
878 -9.47311
879 -9.47311
880 -9.47311
881 -9.47311
882 -9.47311
883 -9.47311
884 -9.47311
885 -9.47311
886 -9.47311
887 -9.47311
888 -9.47311
889 -9.47311
890 -9.47311
891 -9.47311
892 -9.47311
893 -9.47311
894 -9.47311
895 -9.47311
896 -9.47311
897 -9.47311
898 -9.47311
899 -9.47311
900 -9.47311
901 -9.47311
902 -9.47311
903 -9.47311
904 -9.47311
905 -9.47311
906 -9.47311
907 -9.47311
908 -9.47311
909 -9.47311
910 -9.47311
911 -9.47311
912 -9.47311
913 -9.47311
914 -9.47311
915 -9.47311
916 -9.47311
917 -9.47311
918 -9.47311
919 -9.47311
920 -9.47311
921 -9.47311
922 -9.47311
923 -9.47311
924 -9.47311
925 -9.47311
926 -9.47311
927 -9.47311
928 -9.47311
929 -9.47311
930 -9.47311
931 -9.47311
932 -9.47311
933 -9.47311
934 -9.47311
935 -9.47311
936 -9.47311
937 -9.47311
938 -9.47311
939 -9.47311
940 -9.47311
941 -9.47311
942 -9.47311
943 -9.47311
944 -9.47311
945 -9.45985
946 -9.45985
947 -9.45985
948 -9.45985
949 -9.45985
950 -9.45985
951 -9.45985
952 -9.45985
953 -9.45985
954 -9.45985
955 -9.45985
956 -9.45985
957 -9.45985
958 -9.45985
959 -9.45985
960 -9.45985
961 -9.45985
962 -9.45985
963 -9.45985
964 -9.45985
965 -9.45985
966 -9.45985
967 -9.45985
968 -9.45985
969 -9.45985
970 -9.45985
971 -9.45985
972 -9.45985
973 -9.45985
974 -9.45985
975 -9.45985
976 -9.45985
977 -9.45985
978 -9.45985
979 -9.45985
980 -9.45985
981 -9.45985
982 -9.45985
983 -9.45985
984 -9.45985
985 -9.45985
986 -9.45985
987 -9.45985
988 -9.45985
989 -9.45985
990 -9.45985
991 -9.45985
992 -9.45985
993 -9.4562
994 -9.4562
995 -9.45345
996 -9.45345
997 -9.45345
998 -9.45345
999 -9.45345
