0 -5321.53
1 -5321.53
2 -5321.53
3 -5321.53
4 -5321.53
5 -5321.53
6 -5321.53
7 -5321.53
8 -5321.53
9 -5321.53
10 -5321.53
11 -5321.53
12 -5321.53
13 -5321.53
14 -5321.53
15 -5321.53
16 -5321.53
17 -5321.53
18 -5321.53
19 -5321.53
20 -5321.53
21 -5321.53
22 -5321.53
23 -5321.53
24 -5321.53
25 -5321.53
26 -5321.53
27 -5321.53
28 -5321.53
29 -5321.53
30 -5321.53
31 -5321.53
32 -5321.53
33 -5321.53
34 -5321.53
35 -5321.53
36 -4774.81
37 -4774.81
38 -4774.81
39 -4774.81
40 -4774.81
41 -4774.81
42 -4774.81
43 -4774.81
44 -4774.81
45 -4774.81
46 -4774.81
47 -4774.81
48 -4774.81
49 -4774.81
50 -4774.81
51 -4774.81
52 -4774.81
53 -4774.81
54 -4774.81
55 -4774.81
56 -3780.48
57 -3780.48
58 -3780.48
59 -3780.48
60 -3780.48
61 -3780.48
62 -3780.48
63 -3780.48
64 -3780.48
65 -3780.48
66 -3780.48
67 -3780.48
68 -3780.48
69 -3780.48
70 -3780.48
71 -3780.48
72 -3780.48
73 -3780.48
74 -2361.88
75 -2361.88
76 -2361.88
77 -2361.88
78 -2361.88
79 -2361.88
80 -2361.88
81 -2361.88
82 -2361.88
83 -2361.88
84 -2361.88
85 -2361.88
86 -2361.88
87 -2361.88
88 -2361.88
89 -2361.88
90 -2361.88
91 -2361.88
92 -2361.88
93 -2361.88
94 -2361.88
95 -2361.88
96 -2361.88
97 -1598.31
98 -1598.31
99 -1598.31
100 -1598.31
101 -1598.31
102 -1598.31
103 -1598.31
104 -1598.31
105 -1598.31
106 -1598.31
107 -1598.31
108 -1598.31
109 -1598.31
110 -1598.31
111 -1598.31
112 -1598.31
113 -1598.31
114 -1598.31
115 -1598.31
116 -1598.31
117 -1394.9
118 -1394.9
119 -1394.9
120 -1394.9
121 -1394.9
122 -1394.9
123 -1394.9
124 -1394.9
125 -1394.9
126 -1394.9
127 -1394.9
128 -1394.9
129 -1394.9
130 -1394.9
131 -1394.9
132 -1394.9
133 -1394.9
134 -1394.9
135 -1394.9
136 -1394.9
137 -1394.9
138 -1394.9
139 -1394.9
140 -1394.9
141 -1394.9
142 -1394.9
143 -1229.65
144 -1229.65
145 -1229.65
146 -1229.65
147 -1229.65
148 -1229.65
149 -1229.65
150 -1229.65
151 -1229.65
152 -1229.65
153 -1229.65
154 -1229.65
155 -1229.65
156 -1229.65
157 -1229.65
158 -1229.65
159 -1229.65
160 -1229.65
161 -1229.65
162 -1229.65
163 -1229.65
164 -1229.65
165 -1229.65
166 -1229.65
167 -1229.65
168 -1224
169 -1224
170 -1224
171 -1224
172 -1224
173 -1224
174 -1224
175 -1216.49
176 -1216.49
177 -1215.01
178 -1127.85
179 -1127.85
180 -1127.85
181 -1127.85
182 -1068.26
183 -1068.26
184 -1068.26
185 -1068.26
186 -1068.26
187 -1068.26
188 -1068.26
189 -1068.26
190 -936.996
191 -732.415
192 -732.415
193 -732.415
194 -732.415
195 -732.415
196 -732.415
197 -732.415
198 -732.415
199 -732.415
200 -732.415
201 -732.415
202 -732.415
203 -732.415
204 -732.415
205 -732.415
206 -732.415
207 -654.085
208 -654.085
209 -654.085
210 -654.085
211 -654.085
212 -654.085
213 -654.085
214 -654.085
215 -654.085
216 -654.085
217 -479.907
218 -479.907
219 -479.907
220 -479.907
221 -412.793
222 -412.793
223 -412.793
224 -412.793
225 -412.793
226 -412.793
227 -412.793
228 -412.793
229 -412.793
230 -412.793
231 -412.793
232 -412.793
233 -412.793
234 -412.793
235 -135.001
236 -135.001
237 -135.001
238 -135.001
239 -135.001
240 -135.001
241 -135.001
242 -135.001
243 -89.0427
244 -89.0427
245 -89.0427
246 -89.0427
247 -89.0427
248 -89.0427
249 -89.0427
250 -89.0427
251 -89.0427
252 -89.0427
253 -89.0427
254 -89.0427
255 -89.0427
256 -89.0427
257 -89.0427
258 -89.0427
259 -89.0427
260 -89.0427
261 -89.0427
262 -89.0427
263 -89.0427
264 -89.0427
265 -89.0427
266 -89.0427
267 -66.3712
268 -66.3712
269 -66.3712
270 -66.3712
271 -66.3712
272 -66.3712
273 -66.3712
274 -66.3712
275 -66.3712
276 -66.3712
277 -66.3712
278 -66.3712
279 -66.3712
280 -66.3712
281 -66.3712
282 -66.3712
283 -66.3712
284 -66.3712
285 -66.3712
286 -66.3712
287 -66.3712
288 -66.3712
289 -66.3712
290 -66.3712
291 -66.3712
292 -66.3712
293 -66.3712
294 -66.3712
295 -66.3712
296 -66.3712
297 -40.06
298 -40.06
299 -40.06
300 -40.06
301 -40.06
302 -40.06
303 -40.06
304 -40.06
305 -40.06
306 -40.06
307 -40.06
308 -40.06
309 -40.06
310 -40.06
311 -40.06
312 -40.06
313 -40.06
314 -40.06
315 -40.06
316 -40.06
317 -40.06
318 -40.06
319 -40.06
320 -40.06
321 -40.06
322 -40.06
323 -40.06
324 -40.06
325 -40.06
326 -40.06
327 -40.06
328 -40.06
329 -40.06
330 -40.06
331 -40.06
332 -40.06
333 -40.06
334 -40.06
335 -40.06
336 -40.06
337 -40.06
338 -40.06
339 -40.06
340 -40.06
341 -40.06
342 -40.06
343 -40.06
344 -40.06
345 -40.06
346 -40.06
347 -40.06
348 -40.06
349 -40.06
350 -40.06
351 -40.06
352 -40.06
353 -40.06
354 -40.06
355 -40.06
356 -40.06
357 -40.06
358 -40.06
359 -40.06
360 -40.06
361 -40.06
362 -31.1544
363 -31.1544
364 -31.1544
365 -31.1544
366 -31.1544
367 -31.1544
368 -31.1544
369 -31.1544
370 -31.1544
371 -31.1544
372 -31.1544
373 -31.1544
374 -31.1544
375 -31.1544
376 -31.1544
377 -31.1544
378 -31.1544
379 -31.1544
380 -31.1544
381 -31.1544
382 -31.1544
383 -31.1544
384 -31.1544
385 -31.1544
386 -31.1544
387 -31.1544
388 -31.1544
389 -31.1544
390 -31.1544
391 -31.1544
392 -31.1544
393 -31.1544
394 -31.1544
395 -31.1544
396 -31.1544
397 -31.1544
398 -31.1544
399 -31.1544
400 -31.1544
401 -31.1544
402 -31.1544
403 -31.1544
404 -31.1544
405 -31.1544
406 -25.5318
407 -25.5318
408 -25.5318
409 -25.5318
410 -25.5318
411 -25.5318
412 -25.5318
413 -21.4479
414 -21.4479
415 -21.4479
416 -21.4479
417 -21.4479
418 -18.992
419 -18.992
420 -18.6786
421 -18.6786
422 -18.6786
423 -18.6786
424 -18.6786
425 -18.6786
426 -18.6786
427 -18.6786
428 -18.6786
429 -18.6786
430 -18.6786
431 -18.6786
432 -18.6786
433 -18.6786
434 -18.6786
435 -18.6786
436 -18.6786
437 -18.6786
438 -18.6786
439 -18.6786
440 -18.6233
441 -18.6233
442 -17.5774
443 -13.6501
444 -13.6501
445 -13.6501
446 -13.6501
447 -13.6501
448 -13.6501
449 -13.6501
450 -13.6501
451 -13.6501
452 -13.6501
453 -13.6501
454 -13.6501
455 -13.6501
456 -13.6501
457 -13.6501
458 -13.6501
459 -13.6501
460 -13.6501
461 -13.6501
462 -13.6501
463 -13.6501
464 -13.6501
465 -13.6501
466 -13.6501
467 -13.6501
468 -13.6501
469 -13.6501
470 -13.6501
471 -13.6501
472 -13.6501
473 -13.6501
474 -13.6501
475 -13.154
476 -13.154
477 -13.154
478 -13.154
479 -13.154
480 -13.154
481 -13.154
482 -13.154
483 -13.154
484 -13.154
485 -13.154
486 -10.4446
487 -10.4446
488 -10.4446
489 -10.4446
490 -10.4446
491 -10.4446
492 -10.4446
493 -10.4446
494 -10.4446
495 -10.4446
496 -10.4446
497 -10.4446
498 -10.4446
499 -10.4446
500 -10.4446
501 -10.4446
502 -10.4446
503 -10.4446
504 -10.4446
505 -10.4446
506 -10.4446
507 -10.4446
508 -10.4446
509 -10.4446
510 -10.4446
511 -10.4446
512 -10.4446
513 -10.4446
514 -10.4446
515 -10.4446
516 -10.4446
517 -10.4446
518 -10.4446
519 -10.4446
520 -10.4446
521 -10.4446
522 -10.4446
523 -10.4446
524 -10.4446
525 -10.4446
526 -10.4446
527 -10.4446
528 -10.4446
529 -10.4446
530 -10.4446
531 -10.4446
532 -10.4446
533 -10.4446
534 -10.4446
535 -10.4446
536 -10.4446
537 -10.4446
538 -10.4446
539 -10.4077
540 -10.4077
541 -10.4077
542 -10.4077
543 -10.4077
544 -10.4077
545 -10.4077
546 -10.4077
547 -10.4077
548 -10.4077
549 -9.81073
550 -9.81073
551 -9.81073
552 -9.81073
553 -9.81073
554 -9.81073
555 -9.81073
556 -9.81073
557 -9.81073
558 -9.81073
559 -9.81073
560 -9.81073
561 -9.81073
562 -9.81073
563 -9.81073
564 -9.81073
565 -9.81073
566 -9.81073
567 -9.77343
568 -9.77343
569 -9.77343
570 -9.77343
571 -9.77343
572 -9.77343
573 -9.77343
574 -9.77343
575 -9.77343
576 -9.77343
577 -9.60178
578 -9.60178
579 -9.60178
580 -9.60178
581 -9.60178
582 -9.60178
583 -9.60178
584 -9.60178
585 -9.60178
586 -9.60178
587 -9.60178
588 -9.60178
589 -9.60178
590 -9.60178
591 -9.60178
592 -9.60178
593 -9.60178
594 -9.60178
595 -9.60178
596 -9.60178
597 -9.60178
598 -9.60178
599 -9.60178
600 -9.60178
601 -9.60178
602 -9.60178
603 -9.60178
604 -9.60178
605 -9.60178
606 -9.60178
607 -9.60178
608 -9.60178
609 -9.60178
610 -9.60178
611 -9.60178
612 -9.60178
613 -9.60178
614 -9.60178
615 -9.60178
616 -9.60178
617 -9.60178
618 -9.60178
619 -9.60178
620 -9.5588
621 -9.5588
622 -9.5588
623 -9.5588
624 -9.5588
625 -9.5588
626 -9.5588
627 -9.5588
628 -9.5588
629 -9.5588
630 -9.5588
631 -9.5588
632 -9.5588
633 -9.5588
634 -9.5588
635 -9.5588
636 -9.5588
637 -9.5588
638 -9.5588
639 -9.5588
640 -9.5588
641 -9.5588
642 -9.5588
643 -9.5588
644 -9.5588
645 -9.5588
646 -9.5588
647 -9.5588
648 -9.5588
649 -9.5588
650 -9.5588
651 -9.5588
652 -9.5588
653 -9.5588
654 -9.5588
655 -9.5588
656 -9.5588
657 -9.5588
658 -9.5588
659 -9.5588
660 -9.5588
661 -9.5588
662 -9.5588
663 -9.5588
664 -9.5588
665 -9.5588
666 -9.5588
667 -9.5588
668 -9.5588
669 -9.47149
670 -9.47149
671 -9.47149
672 -9.47149
673 -9.47149
674 -9.47149
675 -9.47149
676 -9.47149
677 -9.47149
678 -9.47149
679 -9.47149
680 -9.47149
681 -9.47149
682 -9.47149
683 -9.47149
684 -9.47149
685 -9.47149
686 -9.47149
687 -9.47149
688 -9.47149
689 -9.47149
690 -9.47149
691 -9.47149
692 -9.47149
693 -9.47149
694 -9.47149
695 -9.47149
696 -9.47149
697 -9.47149
698 -9.47149
699 -9.47149
700 -9.47149
701 -9.47149
702 -9.47149
703 -9.47149
704 -9.47149
705 -9.47149
706 -9.47149
707 -9.47149
708 -9.47149
709 -9.47149
710 -9.47149
711 -9.47149
712 -9.47149
713 -9.47149
714 -9.47149
715 -9.47149
716 -9.47149
717 -9.47149
718 -9.47149
719 -9.47149
720 -9.47149
721 -9.47149
722 -9.47149
723 -9.47149
724 -9.47149
725 -9.47149
726 -9.47149
727 -9.47149
728 -9.47149
729 -9.47149
730 -9.47149
731 -9.47149
732 -9.47149
733 -9.47149
734 -9.47149
735 -9.47149
736 -9.47149
737 -9.47149
738 -9.47149
739 -9.47149
740 -9.47149
741 -9.47149
742 -9.47149
743 -9.47149
744 -9.47149
745 -9.47149
746 -9.47149
747 -9.47149
748 -9.47149
749 -9.47149
750 -9.47149
751 -9.47149
752 -9.47149
753 -9.47149
754 -9.47149
755 -9.47149
756 -9.47149
757 -9.47149
758 -9.47149
759 -9.47149
760 -9.47149
761 -9.47149
762 -9.47149
763 -9.47149
764 -9.47149
765 -9.47149
766 -9.47149
767 -9.47149
768 -9.47149
769 -9.47149
770 -9.47149
771 -9.47149
772 -9.47149
773 -9.47149
774 -9.47149
775 -9.47149
776 -9.47149
777 -9.47149
778 -9.47149
779 -9.47149
780 -9.47149
781 -9.47149
782 -9.47149
783 -9.47149
784 -9.47149
785 -9.47149
786 -9.47149
787 -9.47149
788 -9.47149
789 -9.47149
790 -9.47149
791 -9.44483
792 -9.44483
793 -9.44483
794 -9.44483
795 -9.44483
796 -9.44483
797 -9.44483
798 -9.44483
799 -9.44483
800 -9.44483
801 -9.44483
802 -9.44483
803 -9.44483
804 -9.44483
805 -9.44483
806 -9.44483
807 -9.44483
808 -9.44483
809 -9.44483
810 -9.44483
811 -9.44483
812 -9.44483
813 -9.44483
814 -9.44483
815 -9.44483
816 -9.44483
817 -9.44483
818 -9.44483
819 -9.42512
820 -9.42512
821 -9.42512
822 -9.42512
823 -9.42512
824 -9.42512
825 -9.42512
826 -9.42512
827 -9.42512
828 -9.42512
829 -9.42512
830 -9.42512
831 -9.42512
832 -9.42512
833 -9.42512
834 -9.42512
835 -9.42512
836 -9.42512
837 -9.42512
838 -9.42512
839 -9.42512
840 -9.42512
841 -9.42512
842 -9.42512
843 -9.42512
844 -9.42512
845 -9.42512
846 -9.42512
847 -9.42512
848 -9.42512
849 -9.42512
850 -9.42512
851 -9.42512
852 -9.42512
853 -9.42512
854 -9.42512
855 -9.42512
856 -9.42512
857 -9.42512
858 -9.42512
859 -9.42512
860 -9.42512
861 -9.42512
862 -9.42512
863 -9.42512
864 -9.42512
865 -9.42512
866 -9.42512
867 -9.42512
868 -9.42512
869 -9.42512
870 -9.42512
871 -9.42512
872 -9.42512
873 -9.42512
874 -9.42512
875 -9.42512
876 -9.42512
877 -9.42512
878 -9.42512
879 -9.42434
880 -9.42434
881 -9.42434
882 -9.42434
883 -9.42434
884 -9.42434
885 -9.42434
886 -9.42434
887 -9.42434
888 -9.42434
889 -9.42434
890 -9.42434
891 -9.42434
892 -9.42434
893 -9.42434
894 -9.42434
895 -9.42434
896 -9.42434
897 -9.42434
898 -9.42434
899 -9.42434
900 -9.42434
901 -9.42434
902 -9.42434
903 -9.42434
904 -9.42434
905 -9.42434
906 -9.42434
907 -9.42434
908 -9.42434
909 -9.42434
910 -9.42434
911 -9.42434
912 -9.42434
913 -9.42434
914 -9.42434
915 -9.42434
916 -9.42434
917 -9.42434
918 -9.42434
919 -9.42434
920 -9.42434
921 -9.42434
922 -9.42434
923 -9.42249
924 -9.42249
925 -9.42249
926 -9.42249
927 -9.42249
928 -9.42249
929 -9.42249
930 -9.42249
931 -9.41231
932 -9.41231
933 -9.41231
934 -9.41231
935 -9.41231
936 -9.41231
937 -9.41231
938 -9.41231
939 -9.41231
940 -9.41231
941 -9.41231
942 -9.41231
943 -9.41231
944 -9.41231
945 -9.41231
946 -9.41231
947 -9.41231
948 -9.41231
949 -9.41231
950 -9.41231
951 -9.41231
952 -9.41231
953 -9.41231
954 -9.41231
955 -9.41231
956 -9.41231
957 -9.41231
958 -9.41231
959 -9.41231
960 -9.41231
961 -9.41231
962 -9.41231
963 -9.41231
964 -9.41231
965 -9.41231
966 -9.41231
967 -9.41231
968 -9.41231
969 -9.41231
970 -9.41231
971 -9.41231
972 -9.41231
973 -9.41231
974 -9.41231
975 -9.41231
976 -9.41231
977 -9.41231
978 -9.41231
979 -9.41231
980 -9.41231
981 -9.41231
982 -9.41231
983 -9.41231
984 -9.41231
985 -9.41231
986 -9.41231
987 -9.41231
988 -9.41231
989 -9.41231
990 -9.41231
991 -9.41231
992 -9.41231
993 -9.41231
994 -9.41231
995 -9.41231
996 -9.41231
997 -9.41231
998 -9.41231
999 -9.41231
