0 -5094.34
1 -5094.34
2 -5094.34
3 -5094.34
4 -5094.34
5 -5094.34
6 -5094.34
7 -5094.34
8 -5094.34
9 -5094.34
10 -5094.34
11 -5094.34
12 -5094.34
13 -5094.34
14 -5094.34
15 -5094.34
16 -5094.34
17 -5094.34
18 -5094.34
19 -5094.34
20 -5094.34
21 -5094.34
22 -5094.34
23 -5094.34
24 -5094.34
25 -5094.34
26 -5094.34
27 -5094.34
28 -5094.34
29 -5094.34
30 -5094.34
31 -5094.34
32 -5094.34
33 -5094.34
34 -5094.34
35 -4829.1
36 -4829.1
37 -4829.1
38 -4829.1
39 -4064.18
40 -3107.27
41 -3107.27
42 -2544.78
43 -2544.78
44 -2544.78
45 -2544.78
46 -2544.78
47 -2544.78
48 -1768.88
49 -1768.88
50 -1768.88
51 -1768.88
52 -1768.88
53 -1768.88
54 -1768.88
55 -1704.16
56 -1704.16
57 -1704.16
58 -1704.16
59 -1704.16
60 -1704.16
61 -1704.16
62 -1704.16
63 -1704.16
64 -1704.16
65 -1704.16
66 -1704.16
67 -1704.16
68 -1704.16
69 -1704.16
70 -1461.18
71 -1461.18
72 -1432.67
73 -1432.67
74 -1432.67
75 -1432.67
76 -1432.67
77 -1432.67
78 -1432.67
79 -963.811
80 -963.811
81 -963.811
82 -963.811
83 -963.811
84 -963.811
85 -963.811
86 -963.811
87 -963.811
88 -963.811
89 -963.811
90 -963.811
91 -963.811
92 -963.811
93 -963.811
94 -963.811
95 -963.811
96 -963.811
97 -963.811
98 -798.054
99 -798.054
100 -798.054
101 -798.054
102 -798.054
103 -798.054
104 -798.054
105 -522.318
106 -522.318
107 -522.318
108 -522.318
109 -522.318
110 -522.318
111 -522.318
112 -522.318
113 -168.899
114 -168.899
115 -168.899
116 -168.899
117 -168.899
118 -168.899
119 -168.899
120 -168.899
121 -168.899
122 -168.899
123 -168.899
124 -168.899
125 -168.899
126 -168.899
127 -168.899
128 -168.899
129 -168.899
130 -168.899
131 -168.899
132 -168.899
133 -168.899
134 -168.899
135 -168.899
136 -168.899
137 -168.899
138 -168.899
139 -168.899
140 -131.625
141 -131.625
142 -131.625
143 -131.625
144 -124.426
145 -124.426
146 -124.426
147 -124.426
148 -110.967
149 -110.967
150 -110.967
151 -110.967
152 -110.967
153 -110.967
154 -110.967
155 -110.967
156 -71.0549
157 -71.0549
158 -71.0549
159 -71.0549
160 -71.0549
161 -71.0549
162 -71.0549
163 -71.0549
164 -71.0549
165 -71.0549
166 -71.0549
167 -71.0549
168 -71.0549
169 -71.0549
170 -71.0549
171 -71.0549
172 -71.0549
173 -71.0549
174 -71.0549
175 -71.0549
176 -61.2876
177 -61.2876
178 -61.2876
179 -61.2876
180 -61.2876
181 -61.2876
182 -61.2876
183 -61.2876
184 -42.2891
185 -42.2891
186 -42.2891
187 -41.4617
188 -41.4617
189 -41.4617
190 -41.4617
191 -41.4617
192 -41.4617
193 -41.4617
194 -41.4617
195 -41.4617
196 -40.3597
197 -40.3597
198 -39.4188
199 -39.4188
200 -39.4188
201 -30.4063
202 -30.4063
203 -30.4063
204 -30.4063
205 -30.4063
206 -30.4063
207 -30.4063
208 -30.4063
209 -30.4063
210 -30.4063
211 -30.4063
212 -25.4009
213 -25.4009
214 -25.4009
215 -25.4009
216 -25.4009
217 -25.4009
218 -25.4009
219 -25.4009
220 -25.4009
221 -25.4009
222 -25.4009
223 -9.9922
224 -9.9922
225 -9.9922
226 -9.9922
227 -9.9922
228 -9.9922
229 -9.9922
230 -9.9922
231 -9.9922
232 -9.9922
233 -9.9922
234 -9.9922
235 -9.9922
236 -9.9922
237 -9.9922
238 -9.9922
239 -9.9922
240 -9.9922
241 -9.9922
242 -9.89568
243 -9.89568
244 -9.89568
245 -9.89568
246 -9.89568
247 -9.89568
248 -9.89568
249 -9.75065
250 -9.75065
251 -9.75065
252 -9.75065
253 -9.75065
254 -9.75065
255 -9.75065
256 -9.75065
257 -9.75065
258 -9.75065
259 -9.75065
260 -9.75065
261 -9.75065
262 -9.75065
263 -9.75065
264 -9.75065
265 -9.75065
266 -9.75065
267 -9.75065
268 -9.75065
269 -9.75065
270 -9.75065
271 -9.75065
272 -9.75065
273 -9.75065
274 -9.75065
275 -9.75065
276 -9.75065
277 -9.75065
278 -9.75065
279 -9.75065
280 -9.75065
281 -9.75065
282 -9.75065
283 -9.75065
284 -9.75065
285 -9.75065
286 -9.75065
287 -9.75065
288 -9.75065
289 -9.75065
290 -9.75065
291 -9.75065
292 -9.75065
293 -9.75065
294 -9.7506
295 -9.7506
296 -9.7506
297 -9.7506
298 -9.7506
299 -9.7506
300 -9.7506
301 -9.7506
302 -9.7506
303 -9.7506
304 -9.7506
305 -9.7506
306 -9.7506
307 -9.7506
308 -9.7506
309 -9.7506
310 -9.7506
311 -9.7506
312 -9.7506
313 -9.7506
314 -9.7506
315 -9.7506
316 -9.7506
317 -9.7506
318 -9.61218
319 -9.61218
320 -9.61218
321 -9.61218
322 -9.59279
323 -9.59279
324 -9.59279
325 -9.59279
326 -9.59279
327 -9.59279
328 -9.59279
329 -9.59279
330 -9.59279
331 -9.59279
332 -9.59279
333 -9.59279
334 -9.59279
335 -9.59279
336 -9.59279
337 -9.59279
338 -9.59279
339 -9.59279
340 -9.59279
341 -9.59279
342 -9.59279
343 -9.59279
344 -9.59279
345 -9.59279
346 -9.59279
347 -9.59279
348 -9.59279
349 -9.59279
350 -9.59279
351 -9.59279
352 -9.59279
353 -9.59279
354 -9.59279
355 -9.59279
356 -9.59279
357 -9.59279
358 -9.59279
359 -9.59279
360 -9.59279
361 -9.59279
362 -9.59279
363 -9.59279
364 -9.59279
365 -9.59279
366 -9.59279
367 -9.56901
368 -9.56901
369 -9.56901
370 -9.56901
371 -9.56901
372 -9.56901
373 -9.56901
374 -9.56901
375 -9.56901
376 -9.56901
377 -9.56901
378 -9.56901
379 -9.56901
380 -9.56901
381 -9.50764
382 -9.50764
383 -9.50764
384 -9.50764
385 -9.50764
386 -9.50764
387 -9.50764
388 -9.50764
389 -9.50764
390 -9.50764
391 -9.50764
392 -9.50764
393 -9.50764
394 -9.50764
395 -9.50764
396 -9.50764
397 -9.50764
398 -9.50764
399 -9.50764
400 -9.50764
401 -9.50764
402 -9.50764
403 -9.50764
404 -9.50764
405 -9.50764
406 -9.50764
407 -9.50764
408 -9.50764
409 -9.50764
410 -9.50764
411 -9.50764
412 -9.50764
413 -9.50764
414 -9.50764
415 -9.50764
416 -9.50764
417 -9.50764
418 -9.50764
419 -9.50764
420 -9.50764
421 -9.50764
422 -9.50764
423 -9.50764
424 -9.50764
425 -9.50764
426 -9.50764
427 -9.50764
428 -9.50764
429 -9.50764
430 -9.50764
431 -9.50764
432 -9.50764
433 -9.50764
434 -9.50764
435 -9.50764
436 -9.50764
437 -9.50764
438 -9.50764
439 -9.50764
440 -9.50764
441 -9.50764
442 -9.50764
443 -9.50764
444 -9.50764
445 -9.50764
446 -9.50764
447 -9.50764
448 -9.50764
449 -9.50764
450 -9.50764
451 -9.50764
452 -9.50764
453 -9.50764
454 -9.50764
455 -9.50764
456 -9.50764
457 -9.50764
458 -9.50764
459 -9.50764
460 -9.50764
461 -9.50764
462 -9.50764
463 -9.50764
464 -9.50764
465 -9.50764
466 -9.50764
467 -9.50764
468 -9.50764
469 -9.50764
470 -9.50764
471 -9.50764
472 -9.50764
473 -9.50764
474 -9.50764
475 -9.50764
476 -9.50764
477 -9.50764
478 -9.50208
479 -9.50208
480 -9.50208
481 -9.50208
482 -9.49384
483 -9.49384
484 -9.49384
485 -9.49384
486 -9.49384
487 -9.49384
488 -9.49384
489 -9.49384
490 -9.49384
491 -9.49384
492 -9.49384
493 -9.49384
494 -9.49384
495 -9.49384
496 -9.49384
497 -9.49384
498 -9.49384
499 -9.49384
500 -9.49384
501 -9.49384
502 -9.49384
503 -9.49384
504 -9.49384
505 -9.49384
506 -9.49384
507 -9.49384
508 -9.49384
509 -9.49384
510 -9.49384
511 -9.49384
512 -9.49384
513 -9.49384
514 -9.49384
515 -9.48714
516 -9.48714
517 -9.48714
518 -9.48714
519 -9.48714
520 -9.48714
521 -9.48714
522 -9.48714
523 -9.48714
524 -9.48714
525 -9.48714
526 -9.48714
527 -9.48714
528 -9.48714
529 -9.48714
530 -9.48714
531 -9.48714
532 -9.48714
533 -9.48714
534 -9.48714
535 -9.48714
536 -9.48714
537 -9.48714
538 -9.48714
539 -9.48714
540 -9.48714
541 -9.48714
542 -9.48714
543 -9.48714
544 -9.48714
545 -9.48714
546 -9.48714
547 -9.48714
548 -9.48714
549 -9.48714
550 -9.48714
551 -9.46328
552 -9.46328
553 -9.46328
554 -9.46328
555 -9.46328
556 -9.46328
557 -9.46328
558 -9.46328
559 -9.46328
560 -9.46328
561 -9.46328
562 -9.46328
563 -9.46328
564 -9.46328
565 -9.46328
566 -9.46328
567 -9.46328
568 -9.46328
569 -9.46328
570 -9.46328
571 -9.46328
572 -9.46328
573 -9.46328
574 -9.46328
575 -9.46328
576 -9.46328
577 -9.46328
578 -9.46328
579 -9.46328
580 -9.46328
581 -9.46328
582 -9.46328
583 -9.46328
584 -9.46328
585 -9.46328
586 -9.46328
587 -9.46328
588 -9.46328
589 -9.46328
590 -9.46328
591 -9.46328
592 -9.46328
593 -9.46328
594 -9.46328
595 -9.46328
596 -9.46328
597 -9.46328
598 -9.46328
599 -9.46328
600 -9.46328
601 -9.46328
602 -9.46328
603 -9.46328
604 -9.46328
605 -9.46328
606 -9.46328
607 -9.46328
608 -9.46328
609 -9.46328
610 -9.46328
611 -9.46328
612 -9.43945
613 -9.43945
614 -9.43945
615 -9.43945
616 -9.43945
617 -9.43945
618 -9.43945
619 -9.43945
620 -9.43945
621 -9.43945
622 -9.43945
623 -9.43945
624 -9.43945
625 -9.43945
626 -9.43945
627 -9.43945
628 -9.43945
629 -9.43945
630 -9.43945
631 -9.43945
632 -9.43945
633 -9.43945
634 -9.43945
635 -9.43945
636 -9.43945
637 -9.43945
638 -9.43945
639 -9.43945
640 -9.43945
641 -9.43945
642 -9.43945
643 -9.43945
644 -9.43945
645 -9.43945
646 -9.43945
647 -9.43945
648 -9.43945
649 -9.43945
650 -9.43945
651 -9.43945
652 -9.43945
653 -9.43945
654 -9.43945
655 -9.43945
656 -9.43945
657 -9.43945
658 -9.43945
659 -9.43945
660 -9.43945
661 -9.43945
662 -9.43945
663 -9.43945
664 -9.43945
665 -9.43945
666 -9.43945
667 -9.43945
668 -9.43945
669 -9.43945
670 -9.43945
671 -9.43945
672 -9.43945
673 -9.43945
674 -9.43945
675 -9.43945
676 -9.43945
677 -9.43945
678 -9.43945
679 -9.43945
680 -9.43945
681 -9.43945
682 -9.43945
683 -9.43945
684 -9.43945
685 -9.43945
686 -9.43945
687 -9.43945
688 -9.43945
689 -9.43945
690 -9.43945
691 -9.43945
692 -9.43945
693 -9.43945
694 -9.43945
695 -9.43945
696 -9.43945
697 -9.43945
698 -9.43945
699 -9.43945
700 -9.43945
701 -9.43945
702 -9.43945
703 -9.43945
704 -9.43945
705 -9.43945
706 -9.43945
707 -9.43945
708 -9.43945
709 -9.43945
710 -9.43945
711 -9.43945
712 -9.43945
713 -9.43945
714 -9.43945
715 -9.43945
716 -9.43945
717 -9.43945
718 -9.43945
719 -9.43945
720 -9.43945
721 -9.43945
722 -9.43945
723 -9.43945
724 -9.43945
725 -9.43945
726 -9.43945
727 -9.43945
728 -9.43945
729 -9.43945
730 -9.43945
731 -9.43945
732 -9.43945
733 -9.43945
734 -9.43945
735 -9.43945
736 -9.43945
737 -9.43945
738 -9.43945
739 -9.43945
740 -9.43945
741 -9.43945
742 -9.43945
743 -9.43945
744 -9.43945
745 -9.43945
746 -9.43945
747 -9.43797
748 -9.43797
749 -9.43797
750 -9.43797
751 -9.43797
752 -9.43797
753 -9.43797
754 -9.43797
755 -9.43797
756 -9.43797
757 -9.43797
758 -9.43797
759 -9.43797
760 -9.43797
761 -9.43797
762 -9.43797
763 -9.43797
764 -9.43797
765 -9.43797
766 -9.43797
767 -9.43797
768 -9.43797
769 -9.43797
770 -9.43797
771 -9.43797
772 -9.43797
773 -9.43797
774 -9.43797
775 -9.43797
776 -9.43797
777 -9.43797
778 -9.43797
779 -9.43151
780 -9.43151
781 -9.43151
782 -9.43151
783 -9.43151
784 -9.43151
785 -9.43151
786 -9.43151
787 -9.43151
788 -9.43123
789 -9.43123
790 -9.43123
791 -9.43123
792 -9.43123
793 -9.43123
794 -9.43123
795 -9.43123
796 -9.43123
797 -9.43123
798 -9.43123
799 -9.43123
800 -9.43123
801 -9.43123
802 -9.43123
803 -9.43123
804 -9.43123
805 -9.43123
806 -9.43123
807 -9.43123
808 -9.43123
809 -9.43123
810 -9.43123
811 -9.43123
812 -9.43123
813 -9.43123
814 -9.43123
815 -9.43123
816 -9.43123
817 -9.43123
818 -9.43123
819 -9.43123
820 -9.43123
821 -9.43123
822 -9.43123
823 -9.43123
824 -9.43123
825 -9.43123
826 -9.43123
827 -9.43123
828 -9.43123
829 -9.43123
830 -9.43123
831 -9.43123
832 -9.43123
833 -9.43123
834 -9.43123
835 -9.43123
836 -9.43123
837 -9.43123
838 -9.43123
839 -9.43123
840 -9.43123
841 -9.43123
842 -9.43123
843 -9.43123
844 -9.43123
845 -9.43123
846 -9.43123
847 -9.43123
848 -9.43123
849 -9.42503
850 -9.42503
851 -9.42503
852 -9.42503
853 -9.42503
854 -9.42503
855 -9.42503
856 -9.42503
857 -9.4243
858 -9.4243
859 -9.4243
860 -9.4243
861 -9.4243
862 -9.4243
863 -9.4243
864 -9.4243
865 -9.4243
866 -9.4243
867 -9.4243
868 -9.4243
869 -9.4243
870 -9.4243
871 -9.4243
872 -9.4243
873 -9.4243
874 -9.4243
875 -9.4243
876 -9.41289
877 -9.41289
878 -9.41289
879 -9.41289
880 -9.41289
881 -9.41289
882 -9.41289
883 -9.41289
884 -9.41289
885 -9.41289
886 -9.41289
887 -9.41289
888 -9.41289
889 -9.41289
890 -9.41289
891 -9.41289
892 -9.41289
893 -9.41289
894 -9.41289
895 -9.41289
896 -9.41289
897 -9.41289
898 -9.41289
899 -9.41289
900 -9.41289
901 -9.41289
902 -9.41289
903 -9.41289
904 -9.41289
905 -9.41289
906 -9.41289
907 -9.41289
908 -9.41289
909 -9.41289
910 -9.41289
911 -9.41289
912 -9.41289
913 -9.41289
914 -9.41289
915 -9.41289
916 -9.41289
917 -9.41289
918 -9.41289
919 -9.41289
920 -9.41289
921 -9.41289
922 -9.41289
923 -9.41289
924 -9.41289
925 -9.41289
926 -9.41289
927 -9.41289
928 -9.41289
929 -9.41289
930 -9.41289
931 -9.41289
932 -9.41289
933 -9.41289
934 -9.41289
935 -9.41289
936 -9.41289
937 -9.41289
938 -9.41289
939 -9.41289
940 -9.41289
941 -9.41289
942 -9.41289
943 -9.41289
944 -9.41289
945 -9.41289
946 -9.41289
947 -9.41289
948 -9.41289
949 -9.41289
950 -9.41289
951 -9.41289
952 -9.41289
953 -9.41289
954 -9.41289
955 -9.41289
956 -9.41289
957 -9.41289
958 -9.41289
959 -9.41289
960 -9.41289
961 -9.41289
962 -9.41289
963 -9.41289
964 -9.41289
965 -9.41289
966 -9.41289
967 -9.41289
968 -9.41289
969 -9.41289
970 -9.41289
971 -9.41289
972 -9.41289
973 -9.41289
974 -9.41289
975 -9.41289
976 -9.41289
977 -9.41289
978 -9.41289
979 -9.41289
980 -9.41289
981 -9.41289
982 -9.41289
983 -9.41289
984 -9.41289
985 -9.41289
986 -9.41289
987 -9.41289
988 -9.41289
989 -9.41289
990 -9.41289
991 -9.41289
992 -9.41289
993 -9.41289
994 -9.41289
995 -9.41289
996 -9.41289
997 -9.41289
998 -9.41289
999 -9.41289
