0 -1741.42
1 -1741.42
2 -1741.42
3 -1741.42
4 -1741.42
5 -1741.42
6 -1741.42
7 -1741.42
8 -1741.42
9 -1741.42
10 -1741.42
11 -1741.42
12 -1741.42
13 -1741.42
14 -1741.42
15 -1741.42
16 -1741.42
17 -1741.42
18 -1741.42
19 -1741.42
20 -1741.42
21 -1741.42
22 -1741.42
23 -1741.42
24 -1741.42
25 -1741.42
26 -1741.42
27 -1741.42
28 -1741.42
29 -1741.42
30 -1741.42
31 -1741.42
32 -1741.42
33 -1741.42
34 -1741.42
35 -1741.42
36 -1741.42
37 -1741.42
38 -1741.42
39 -1741.42
40 -1741.42
41 -1741.42
42 -1741.42
43 -1741.42
44 -1741.42
45 -1741.42
46 -1741.42
47 -1741.42
48 -1741.42
49 -1741.42
50 -1741.42
51 -1741.42
52 -1741.42
53 -1741.42
54 -1741.42
55 -1741.42
56 -1741.42
57 -1741.42
58 -1741.42
59 -1741.42
60 -1741.42
61 -1741.42
62 -1741.42
63 -1741.42
64 -1741.42
65 -1741.42
66 -1741.42
67 -1741.42
68 -1741.42
69 -1741.42
70 -1741.42
71 -1741.42
72 -1741.42
73 -1741.42
74 -1741.42
75 -1741.42
76 -1741.42
77 -1741.42
78 -1741.42
79 -1741.42
80 -1741.42
81 -1741.42
82 -1741.42
83 -1741.42
84 -1741.42
85 -1741.42
86 -1741.42
87 -1741.42
88 -1741.42
89 -1741.42
90 -1741.42
91 -1741.42
92 -1741.42
93 -1741.42
94 -1741.42
95 -1741.42
96 -1741.42
97 -1741.42
98 -1741.42
99 -1741.42
100 -1741.42
101 -1741.42
102 -1741.42
103 -1741.42
104 -1741.42
105 -1741.42
106 -1741.42
107 -1741.42
108 -1741.42
109 -1741.42
110 -1741.42
111 -1741.42
112 -1741.42
113 -1741.42
114 -1741.42
115 -1741.42
116 -1741.42
117 -1741.42
118 -1741.42
119 -1741.42
120 -1518.76
121 -1518.76
122 -1201.46
123 -1201.46
124 -851.152
125 -851.152
126 -851.152
127 -851.152
128 -851.152
129 -851.152
130 -851.152
131 -851.152
132 -851.152
133 -851.152
134 -851.152
135 -851.152
136 -851.152
137 -851.152
138 -851.152
139 -851.152
140 -851.152
141 -851.152
142 -851.152
143 -851.152
144 -851.152
145 -851.152
146 -851.152
147 -851.152
148 -851.152
149 -851.152
150 -851.152
151 -851.152
152 -851.152
153 -851.152
154 -851.152
155 -851.152
156 -851.152
157 -851.152
158 -851.152
159 -851.152
160 -851.152
161 -322.941
162 -322.941
163 -322.941
164 -322.941
165 -322.941
166 -322.941
167 -322.941
168 -322.941
169 -322.941
170 -322.941
171 -322.941
172 -322.941
173 -322.941
174 -322.941
175 -322.941
176 -322.941
177 -322.941
178 -322.941
179 -322.941
180 -322.941
181 -322.941
182 -322.941
183 -322.941
184 -322.941
185 -322.941
186 -322.941
187 -322.941
188 -322.941
189 -322.941
190 -322.941
191 -322.941
192 -322.941
193 -322.941
194 -322.941
195 -322.941
196 -322.941
197 -322.941
198 -294.756
199 -294.756
200 -294.756
201 -294.756
202 -294.756
203 -294.756
204 -294.756
205 -294.756
206 -294.756
207 -294.756
208 -294.756
209 -294.756
210 -294.756
211 -294.756
212 -294.756
213 -294.756
214 -294.756
215 -294.756
216 -294.756
217 -294.756
218 -294.756
219 -262.842
220 -262.842
221 -262.842
222 -146.641
223 -146.641
224 -146.641
225 -146.641
226 -146.641
227 -146.641
228 -146.641
229 -146.641
230 -146.641
231 -146.641
232 -146.641
233 -146.641
234 -146.641
235 -146.641
236 -146.641
237 -146.641
238 -146.641
239 -146.641
240 -146.641
241 -146.641
242 -146.641
243 -146.641
244 -146.641
245 -146.641
246 -146.641
247 -146.641
248 -146.641
249 -146.641
250 -146.641
251 -146.641
252 -146.641
253 -146.641
254 -146.641
255 -146.641
256 -146.641
257 -146.641
258 -146.641
259 -146.641
260 -146.641
261 -146.641
262 -146.641
263 -146.641
264 -146.641
265 -146.641
266 -146.641
267 -146.641
268 -103.397
269 -103.397
270 -103.397
271 -103.397
272 -100.802
273 -100.802
274 -100.802
275 -100.802
276 -100.802
277 -100.802
278 -100.802
279 -100.802
280 -100.802
281 -100.802
282 -100.802
283 -100.802
284 -100.802
285 -100.802
286 -100.802
287 -100.802
288 -100.802
289 -100.802
290 -100.802
291 -100.802
292 -100.802
293 -100.802
294 -100.802
295 -100.802
296 -100.802
297 -100.802
298 -100.802
299 -100.802
300 -100.802
301 -100.802
302 -100.802
303 -100.802
304 -100.802
305 -100.802
306 -21.9092
307 -21.9092
308 -21.9092
309 -21.9092
310 -21.9092
311 -21.9092
312 -21.9092
313 -21.9092
314 -21.9092
315 -14.7008
316 -14.7008
317 -14.7008
318 -14.7008
319 -14.7008
320 -14.7008
321 -14.7008
322 -14.7008
323 -14.7008
324 -14.7008
325 -14.7008
326 -14.7008
327 -14.7008
328 -14.7008
329 -14.7008
330 -14.7008
331 -14.7008
332 -14.7008
333 -14.7008
334 -14.7008
335 -14.7008
336 -14.7008
337 -14.7008
338 -14.7008
339 -14.7008
340 -14.7008
341 -14.7008
342 -14.7008
343 -14.7008
344 -14.7008
345 -14.7008
346 -14.7008
347 -14.7008
348 -14.7008
349 -14.7008
350 -14.7008
351 -14.7008
352 -14.7008
353 -14.7008
354 -14.7008
355 -14.7008
356 -14.7008
357 -14.7008
358 -14.7008
359 -14.7008
360 -14.7008
361 -14.7008
362 -14.7008
363 -14.7008
364 -14.7008
365 -14.7008
366 -14.7008
367 -14.7008
368 -14.7008
369 -14.7008
370 -14.7008
371 -14.7008
372 -14.7008
373 -14.7008
374 -14.7008
375 -14.7008
376 -14.7008
377 -14.7008
378 -14.7008
379 -14.7008
380 -14.7008
381 -14.7008
382 -14.7008
383 -14.7008
384 -14.7008
385 -14.7008
386 -14.7008
387 -14.7008
388 -14.7008
389 -13.9729
390 -13.9729
391 -13.9729
392 -13.9729
393 -13.9729
394 -13.9729
395 -13.9729
396 -12.8033
397 -12.8033
398 -11.914
399 -11.914
400 -11.914
401 -11.914
402 -11.914
403 -11.914
404 -11.914
405 -11.914
406 -11.914
407 -11.914
408 -11.914
409 -11.914
410 -11.914
411 -11.914
412 -11.914
413 -11.914
414 -11.914
415 -11.914
416 -11.914
417 -11.914
418 -11.914
419 -11.914
420 -11.914
421 -11.914
422 -11.914
423 -11.914
424 -11.914
425 -11.914
426 -11.914
427 -11.914
428 -11.914
429 -11.914
430 -11.914
431 -11.914
432 -11.914
433 -11.914
434 -11.914
435 -11.914
436 -11.914
437 -11.914
438 -11.914
439 -11.914
440 -11.914
441 -11.914
442 -11.914
443 -10.9486
444 -10.9486
445 -10.9486
446 -10.9486
447 -10.9486
448 -10.9486
449 -10.9486
450 -10.9486
451 -10.9486
452 -10.9486
453 -10.9486
454 -10.9486
455 -10.9486
456 -10.9486
457 -10.9486
458 -10.9486
459 -10.9486
460 -10.9486
461 -10.9486
462 -10.9486
463 -10.9486
464 -10.9486
465 -10.9486
466 -10.9486
467 -10.9486
468 -10.9486
469 -10.9486
470 -10.9486
471 -10.9486
472 -10.9486
473 -10.9486
474 -10.9486
475 -10.9486
476 -10.9486
477 -10.9486
478 -10.9486
479 -10.9486
480 -10.9486
481 -10.9486
482 -10.9486
483 -10.9486
484 -10.9486
485 -10.9486
486 -10.9486
487 -10.9486
488 -10.9486
489 -10.9486
490 -10.9486
491 -10.9486
492 -10.9486
493 -10.9477
494 -10.9477
495 -10.9477
496 -10.9238
497 -10.9238
498 -10.9238
499 -10.9238
500 -10.9238
501 -10.9238
502 -10.9238
503 -10.9238
504 -10.9238
505 -10.9238
506 -10.8408
507 -10.8408
508 -10.8408
509 -10.8408
510 -10.8408
511 -10.8408
512 -10.8408
513 -10.8408
514 -10.8408
515 -10.8408
516 -10.8408
517 -10.8408
518 -10.8408
519 -10.8408
520 -10.8408
521 -10.8408
522 -10.8408
523 -10.8408
524 -10.8408
525 -10.8408
526 -10.8244
527 -10.8244
528 -10.8244
529 -10.8085
530 -10.8085
531 -10.7418
532 -10.6064
533 -10.6064
534 -10.6064
535 -10.2049
536 -10.2049
537 -10.2049
538 -10.2049
539 -10.2049
540 -10.2049
541 -10.2049
542 -10.2049
543 -10.2049
544 -10.2049
545 -10.2049
546 -10.2049
547 -10.2049
548 -10.2049
549 -10.2049
550 -10.2049
551 -10.2049
552 -10.2049
553 -10.2049
554 -10.2049
555 -10.2049
556 -10.2049
557 -10.2049
558 -10.2049
559 -10.2049
560 -10.2049
561 -10.1122
562 -10.1122
563 -10.1122
564 -10.1122
565 -10.1122
566 -10.1122
567 -10.1122
568 -10.1122
569 -10.1122
570 -10.1122
571 -10.1122
572 -10.1122
573 -10.1122
574 -10.1122
575 -10.1122
576 -10.1122
577 -10.1122
578 -10.1122
579 -9.72373
580 -9.72373
581 -9.72373
582 -9.72373
583 -9.72373
584 -9.72373
585 -9.72373
586 -9.72373
587 -9.72373
588 -9.72373
589 -9.72373
590 -9.72373
591 -9.72373
592 -9.72373
593 -9.72373
594 -9.72373
595 -9.72373
596 -9.72373
597 -9.72373
598 -9.72373
599 -9.72373
600 -9.72373
601 -9.72373
602 -9.72373
603 -9.72373
604 -9.72373
605 -9.72373
606 -9.72373
607 -9.72373
608 -9.72373
609 -9.72373
610 -9.72373
611 -9.72373
612 -9.72373
613 -9.72373
614 -9.72373
615 -9.69045
616 -9.69045
617 -9.69045
618 -9.60786
619 -9.60786
620 -9.60786
621 -9.60786
622 -9.60786
623 -9.60786
624 -9.60786
625 -9.57176
626 -9.57176
627 -9.57176
628 -9.57176
629 -9.57176
630 -9.57176
631 -9.57176
632 -9.57176
633 -9.57176
634 -9.57176
635 -9.57176
636 -9.57176
637 -9.57176
638 -9.57176
639 -9.57176
640 -9.57176
641 -9.57176
642 -9.57176
643 -9.57176
644 -9.57176
645 -9.57176
646 -9.57176
647 -9.57176
648 -9.57176
649 -9.57176
650 -9.57176
651 -9.57176
652 -9.57176
653 -9.57176
654 -9.57176
655 -9.57176
656 -9.57176
657 -9.57176
658 -9.57176
659 -9.57176
660 -9.57176
661 -9.5504
662 -9.5504
663 -9.5504
664 -9.5504
665 -9.5504
666 -9.51997
667 -9.51997
668 -9.51997
669 -9.51997
670 -9.51997
671 -9.51997
672 -9.51997
673 -9.51997
674 -9.51997
675 -9.51997
676 -9.51997
677 -9.51997
678 -9.51997
679 -9.51997
680 -9.51997
681 -9.51997
682 -9.51997
683 -9.51997
684 -9.51997
685 -9.51997
686 -9.51997
687 -9.51997
688 -9.51997
689 -9.51997
690 -9.51997
691 -9.51997
692 -9.51997
693 -9.51997
694 -9.51997
695 -9.51997
696 -9.51997
697 -9.51997
698 -9.51997
699 -9.51997
700 -9.51997
701 -9.51997
702 -9.51997
703 -9.51997
704 -9.51997
705 -9.51997
706 -9.51997
707 -9.51997
708 -9.51997
709 -9.51997
710 -9.51997
711 -9.51997
712 -9.51997
713 -9.51997
714 -9.51997
715 -9.51997
716 -9.51997
717 -9.51997
718 -9.51997
719 -9.51997
720 -9.51997
721 -9.51997
722 -9.51997
723 -9.51997
724 -9.51997
725 -9.51997
726 -9.51997
727 -9.51997
728 -9.51997
729 -9.51997
730 -9.51997
731 -9.51997
732 -9.51997
733 -9.51997
734 -9.51997
735 -9.51997
736 -9.47957
737 -9.47957
738 -9.47957
739 -9.47957
740 -9.47957
741 -9.47957
742 -9.47957
743 -9.47957
744 -9.47957
745 -9.47957
746 -9.4731
747 -9.4731
748 -9.4731
749 -9.4731
750 -9.4731
751 -9.4731
752 -9.4731
753 -9.4731
754 -9.4731
755 -9.4731
756 -9.4731
757 -9.4731
758 -9.4731
759 -9.4731
760 -9.4731
761 -9.4731
762 -9.4731
763 -9.4731
764 -9.4731
765 -9.4731
766 -9.4731
767 -9.4731
768 -9.4731
769 -9.4731
770 -9.4731
771 -9.44633
772 -9.44633
773 -9.44633
774 -9.44633
775 -9.44633
776 -9.44633
777 -9.44633
778 -9.44633
779 -9.44633
780 -9.44633
781 -9.44633
782 -9.44633
783 -9.44633
784 -9.44633
785 -9.44633
786 -9.44633
787 -9.44633
788 -9.44633
789 -9.44633
790 -9.44633
791 -9.44633
792 -9.44633
793 -9.44633
794 -9.44633
795 -9.44633
796 -9.44633
797 -9.44633
798 -9.44633
799 -9.44633
800 -9.44633
801 -9.44633
802 -9.44633
803 -9.44633
804 -9.44633
805 -9.44633
806 -9.44633
807 -9.44633
808 -9.44633
809 -9.44633
810 -9.44633
811 -9.44633
812 -9.44633
813 -9.44633
814 -9.44633
815 -9.44633
816 -9.44633
817 -9.44633
818 -9.44633
819 -9.44633
820 -9.44633
821 -9.44633
822 -9.44633
823 -9.44633
824 -9.44633
825 -9.44633
826 -9.44633
827 -9.44633
828 -9.44633
829 -9.44633
830 -9.44633
831 -9.44633
832 -9.44633
833 -9.44633
834 -9.44633
835 -9.44633
836 -9.44633
837 -9.44633
838 -9.44633
839 -9.44633
840 -9.44633
841 -9.44633
842 -9.44633
843 -9.44633
844 -9.44633
845 -9.44633
846 -9.44633
847 -9.44633
848 -9.44633
849 -9.44633
850 -9.44633
851 -9.44633
852 -9.44633
853 -9.44633
854 -9.44633
855 -9.44633
856 -9.44633
857 -9.44633
858 -9.44633
859 -9.44633
860 -9.44633
861 -9.44633
862 -9.44633
863 -9.44633
864 -9.44633
865 -9.44633
866 -9.44633
867 -9.44633
868 -9.44633
869 -9.44633
870 -9.44633
871 -9.44633
872 -9.44633
873 -9.44633
874 -9.44633
875 -9.44633
876 -9.44633
877 -9.44633
878 -9.44633
879 -9.44633
880 -9.44633
881 -9.44633
882 -9.44633
883 -9.44633
884 -9.44633
885 -9.44633
886 -9.44633
887 -9.44633
888 -9.44633
889 -9.44633
890 -9.44633
891 -9.44633
892 -9.44633
893 -9.44633
894 -9.44633
895 -9.44633
896 -9.44633
897 -9.44633
898 -9.44633
899 -9.44633
900 -9.44633
901 -9.44633
902 -9.44633
903 -9.44633
904 -9.44633
905 -9.44633
906 -9.44633
907 -9.44633
908 -9.44633
909 -9.44633
910 -9.44633
911 -9.44633
912 -9.44134
913 -9.44134
914 -9.44134
915 -9.44134
916 -9.44134
917 -9.44134
918 -9.44134
919 -9.44134
920 -9.44134
921 -9.44134
922 -9.44134
923 -9.44134
924 -9.44134
925 -9.44134
926 -9.44134
927 -9.44134
928 -9.44134
929 -9.44134
930 -9.44134
931 -9.44134
932 -9.44134
933 -9.44134
934 -9.44134
935 -9.44134
936 -9.44134
937 -9.44134
938 -9.44134
939 -9.44134
940 -9.44134
941 -9.44134
942 -9.44134
943 -9.44134
944 -9.44134
945 -9.44134
946 -9.44111
947 -9.44111
948 -9.44111
949 -9.44111
950 -9.44111
951 -9.44111
952 -9.44111
953 -9.44111
954 -9.44111
955 -9.44111
956 -9.44111
957 -9.44111
958 -9.44111
959 -9.44111
960 -9.44111
961 -9.44111
962 -9.44111
963 -9.44111
964 -9.44111
965 -9.44111
966 -9.44111
967 -9.44111
968 -9.44111
969 -9.44111
970 -9.44111
971 -9.44111
972 -9.44111
973 -9.44111
974 -9.44111
975 -9.44111
976 -9.44111
977 -9.44111
978 -9.44111
979 -9.44111
980 -9.44111
981 -9.44111
982 -9.44111
983 -9.44026
984 -9.44026
985 -9.44026
986 -9.44026
987 -9.44026
988 -9.44026
989 -9.44026
990 -9.44026
991 -9.44026
992 -9.44026
993 -9.44026
994 -9.44026
995 -9.44026
996 -9.44026
997 -9.44026
998 -9.44026
999 -9.44026
