0 -4984.26
1 -4984.26
2 -4984.26
3 -4984.26
4 -4984.26
5 -4984.26
6 -4984.26
7 -4984.26
8 -4984.26
9 -4984.26
10 -4984.26
11 -4984.26
12 -4984.26
13 -4984.26
14 -4984.26
15 -4984.26
16 -4984.26
17 -4984.26
18 -4984.26
19 -4984.26
20 -4984.26
21 -4984.26
22 -4984.26
23 -4984.26
24 -4984.26
25 -4984.26
26 -4984.26
27 -4984.26
28 -4984.26
29 -4984.26
30 -4984.26
31 -4984.26
32 -4984.26
33 -4984.26
34 -4984.26
35 -4984.26
36 -4984.26
37 -4984.26
38 -4984.26
39 -4984.26
40 -4984.26
41 -4984.26
42 -4984.26
43 -4984.26
44 -4984.26
45 -4984.26
46 -4984.26
47 -4984.26
48 -4984.26
49 -4984.26
50 -4984.26
51 -4984.26
52 -4984.26
53 -4984.26
54 -4984.26
55 -4984.26
56 -4984.26
57 -4984.26
58 -4984.26
59 -4984.26
60 -4984.26
61 -4984.26
62 -4984.26
63 -4984.26
64 -4984.26
65 -4355.83
66 -4355.83
67 -4355.83
68 -4355.83
69 -4355.83
70 -4350.86
71 -4350.86
72 -4350.86
73 -4350.86
74 -4350.86
75 -4350.86
76 -4350.86
77 -4350.86
78 -4350.86
79 -4350.86
80 -4350.86
81 -4350.86
82 -4350.86
83 -4350.86
84 -4350.86
85 -4350.86
86 -4350.86
87 -4350.86
88 -4350.86
89 -4350.86
90 -4350.86
91 -3927.28
92 -3927.28
93 -3927.28
94 -3927.28
95 -3540.97
96 -3540.97
97 -3540.97
98 -3540.97
99 -3127.13
100 -3127.13
101 -3127.13
102 -3127.13
103 -3127.13
104 -3127.13
105 -3127.13
106 -3127.13
107 -3127.13
108 -3127.13
109 -3127.13
110 -3127.13
111 -3127.13
112 -3127.13
113 -3127.13
114 -3127.13
115 -2956.78
116 -2956.78
117 -2956.78
118 -2956.78
119 -2956.78
120 -2956.78
121 -2956.78
122 -2956.78
123 -2956.78
124 -2956.78
125 -2137.65
126 -2137.65
127 -2137.65
128 -2137.65
129 -2137.65
130 -2137.65
131 -2137.65
132 -2137.65
133 -2137.65
134 -2137.65
135 -2137.65
136 -2137.65
137 -2137.65
138 -1857.86
139 -1857.86
140 -1857.86
141 -1857.86
142 -1857.86
143 -1857.86
144 -1857.86
145 -1857.86
146 -1495.79
147 -1495.79
148 -1495.79
149 -1495.79
150 -1495.79
151 -1495.79
152 -1495.79
153 -1495.79
154 -1495.79
155 -1495.79
156 -1495.79
157 -999.429
158 -999.429
159 -999.429
160 -999.429
161 -883.097
162 -883.097
163 -883.097
164 -883.097
165 -883.097
166 -883.097
167 -883.097
168 -883.097
169 -883.097
170 -883.097
171 -883.097
172 -883.097
173 -883.097
174 -883.097
175 -883.097
176 -883.097
177 -883.097
178 -883.097
179 -883.097
180 -883.097
181 -883.097
182 -883.097
183 -883.097
184 -883.097
185 -883.097
186 -883.097
187 -883.097
188 -883.097
189 -883.097
190 -883.097
191 -883.097
192 -883.097
193 -883.097
194 -883.097
195 -883.097
196 -883.097
197 -883.097
198 -883.097
199 -312.186
200 -312.186
201 -312.186
202 -312.186
203 -312.186
204 -312.186
205 -312.186
206 -312.186
207 -312.186
208 -312.186
209 -312.186
210 -312.186
211 -312.186
212 -312.186
213 -312.186
214 -312.186
215 -312.186
216 -312.186
217 -312.186
218 -312.186
219 -312.186
220 -312.186
221 -312.186
222 -312.186
223 -312.186
224 -312.186
225 -312.186
226 -312.186
227 -312.186
228 -312.186
229 -312.186
230 -312.186
231 -312.186
232 -312.186
233 -312.186
234 -312.186
235 -312.186
236 -312.186
237 -312.186
238 -312.186
239 -312.186
240 -312.186
241 -312.186
242 -312.186
243 -312.186
244 -312.186
245 -312.186
246 -312.186
247 -312.186
248 -312.186
249 -312.186
250 -312.186
251 -312.186
252 -312.186
253 -300.137
254 -300.137
255 -300.137
256 -300.137
257 -300.137
258 -300.137
259 -300.137
260 -300.137
261 -300.137
262 -300.137
263 -300.137
264 -300.137
265 -281.089
266 -281.089
267 -281.089
268 -281.089
269 -281.089
270 -225.12
271 -225.12
272 -225.12
273 -225.12
274 -225.12
275 -225.12
276 -225.12
277 -225.12
278 -225.12
279 -225.12
280 -225.12
281 -225.12
282 -225.12
283 -225.12
284 -225.12
285 -225.12
286 -225.12
287 -225.12
288 -225.12
289 -225.12
290 -225.12
291 -94.2286
292 -94.2286
293 -94.2286
294 -94.2286
295 -94.2286
296 -94.2286
297 -94.2286
298 -94.2286
299 -94.2286
300 -94.2286
301 -94.2286
302 -94.2286
303 -94.2286
304 -94.2286
305 -94.2286
306 -94.2286
307 -94.2286
308 -94.2286
309 -94.2286
310 -94.2286
311 -94.2286
312 -94.2286
313 -94.2286
314 -94.2286
315 -94.2286
316 -76.4232
317 -76.4232
318 -76.4232
319 -76.4232
320 -76.4232
321 -76.4232
322 -76.4232
323 -76.4232
324 -76.4232
325 -76.4232
326 -76.4232
327 -76.4232
328 -76.4232
329 -76.4232
330 -76.4232
331 -76.4232
332 -76.4232
333 -76.4232
334 -76.4232
335 -76.4232
336 -76.4232
337 -76.4232
338 -76.4232
339 -76.4232
340 -76.4232
341 -68.5014
342 -68.5014
343 -68.5014
344 -68.5014
345 -68.5014
346 -68.5014
347 -68.5014
348 -68.5014
349 -68.5014
350 -68.5014
351 -68.5014
352 -68.5014
353 -68.5014
354 -68.5014
355 -68.5014
356 -68.5014
357 -68.5014
358 -68.5014
359 -68.5014
360 -32.4593
361 -32.4593
362 -32.4593
363 -32.4593
364 -32.4593
365 -32.4593
366 -10.9976
367 -10.9976
368 -10.9976
369 -10.9976
370 -10.9976
371 -10.9976
372 -10.9976
373 -10.9976
374 -10.9976
375 -10.9976
376 -10.9976
377 -10.9976
378 -10.9976
379 -10.9976
380 -10.9976
381 -10.9976
382 -10.9976
383 -10.9976
384 -10.9976
385 -10.9976
386 -10.9976
387 -10.9976
388 -10.9976
389 -10.9976
390 -10.9976
391 -10.9976
392 -10.9976
393 -10.9976
394 -10.9976
395 -10.9976
396 -10.9976
397 -10.9976
398 -10.9976
399 -10.9976
400 -10.9976
401 -10.9976
402 -10.9976
403 -10.9976
404 -10.9976
405 -10.9976
406 -10.9976
407 -10.9976
408 -10.9976
409 -10.9976
410 -10.9976
411 -10.9976
412 -10.9976
413 -10.9976
414 -10.9976
415 -10.9976
416 -10.9976
417 -10.9976
418 -10.9976
419 -10.9976
420 -10.9976
421 -10.9976
422 -10.9976
423 -10.9976
424 -10.9976
425 -10.9976
426 -10.9976
427 -10.9976
428 -10.9976
429 -10.9976
430 -10.9976
431 -10.9976
432 -10.9976
433 -10.9976
434 -10.9976
435 -10.9976
436 -10.9976
437 -10.9976
438 -10.9976
439 -10.9976
440 -10.9976
441 -10.9976
442 -10.9976
443 -10.9976
444 -10.9976
445 -10.9976
446 -10.9976
447 -10.9976
448 -10.9976
449 -10.9976
450 -10.9976
451 -10.9976
452 -10.9976
453 -10.9976
454 -10.9976
455 -10.9976
456 -10.9976
457 -10.9976
458 -10.9976
459 -10.9976
460 -10.9976
461 -10.9976
462 -10.9976
463 -10.9976
464 -10.9844
465 -10.9844
466 -10.0628
467 -10.0628
468 -10.0628
469 -10.0628
470 -10.0628
471 -10.0628
472 -10.0628
473 -10.0628
474 -10.0628
475 -10.0628
476 -10.0628
477 -10.0628
478 -10.0628
479 -10.0628
480 -10.0628
481 -10.0628
482 -10.0628
483 -10.0628
484 -10.0628
485 -10.0628
486 -10.0628
487 -10.0628
488 -10.0628
489 -10.0628
490 -10.0628
491 -10.0628
492 -10.0628
493 -10.0628
494 -10.0628
495 -10.0628
496 -10.0628
497 -10.0628
498 -10.0628
499 -10.0628
500 -10.0628
501 -10.0628
502 -10.0628
503 -10.0628
504 -10.0628
505 -10.0628
506 -10.0628
507 -10.0628
508 -10.0628
509 -10.0628
510 -10.0628
511 -10.0628
512 -10.0628
513 -10.0628
514 -10.0628
515 -10.0628
516 -10.0628
517 -10.0628
518 -10.0628
519 -10.0628
520 -10.0628
521 -10.0628
522 -10.0628
523 -10.0628
524 -10.0628
525 -10.0628
526 -10.0628
527 -10.0628
528 -10.0628
529 -10.0628
530 -10.0628
531 -10.0628
532 -10.0628
533 -10.0628
534 -10.0628
535 -10.0628
536 -10.0628
537 -10.0628
538 -10.0628
539 -10.0628
540 -10.0628
541 -10.0628
542 -10.0628
543 -9.70214
544 -9.70214
545 -9.70214
546 -9.65372
547 -9.65372
548 -9.65372
549 -9.65372
550 -9.65372
551 -9.65372
552 -9.65372
553 -9.65372
554 -9.65372
555 -9.65372
556 -9.60829
557 -9.60829
558 -9.60829
559 -9.60829
560 -9.60829
561 -9.60829
562 -9.60829
563 -9.59701
564 -9.59701
565 -9.59701
566 -9.59701
567 -9.59701
568 -9.59701
569 -9.59701
570 -9.59701
571 -9.59701
572 -9.59701
573 -9.59701
574 -9.59701
575 -9.59701
576 -9.59701
577 -9.59701
578 -9.59701
579 -9.59701
580 -9.59701
581 -9.59701
582 -9.59701
583 -9.59701
584 -9.59701
585 -9.59701
586 -9.59701
587 -9.59701
588 -9.59701
589 -9.59701
590 -9.59701
591 -9.59701
592 -9.59701
593 -9.59701
594 -9.59701
595 -9.59701
596 -9.59701
597 -9.59701
598 -9.59701
599 -9.59701
600 -9.59701
601 -9.59701
602 -9.59701
603 -9.59701
604 -9.59701
605 -9.59701
606 -9.59701
607 -9.59701
608 -9.59701
609 -9.59701
610 -9.59701
611 -9.59701
612 -9.59701
613 -9.59701
614 -9.59701
615 -9.59701
616 -9.59701
617 -9.59701
618 -9.59701
619 -9.56417
620 -9.56417
621 -9.56417
622 -9.56417
623 -9.56417
624 -9.56417
625 -9.56417
626 -9.56417
627 -9.56417
628 -9.56417
629 -9.56417
630 -9.56417
631 -9.56417
632 -9.56417
633 -9.56417
634 -9.56417
635 -9.56417
636 -9.56417
637 -9.56417
638 -9.56417
639 -9.56417
640 -9.56417
641 -9.56417
642 -9.56417
643 -9.56417
644 -9.56417
645 -9.56417
646 -9.56417
647 -9.56417
648 -9.56417
649 -9.56417
650 -9.56417
651 -9.56417
652 -9.5374
653 -9.5374
654 -9.5374
655 -9.5374
656 -9.5374
657 -9.5374
658 -9.5374
659 -9.5374
660 -9.52954
661 -9.52954
662 -9.52954
663 -9.52954
664 -9.47381
665 -9.47381
666 -9.47381
667 -9.47381
668 -9.47381
669 -9.47381
670 -9.47381
671 -9.47381
672 -9.47381
673 -9.47381
674 -9.47381
675 -9.47381
676 -9.47381
677 -9.47381
678 -9.47381
679 -9.47381
680 -9.47381
681 -9.47381
682 -9.47381
683 -9.47381
684 -9.47381
685 -9.47381
686 -9.47381
687 -9.47381
688 -9.47381
689 -9.47381
690 -9.47381
691 -9.47381
692 -9.47381
693 -9.47381
694 -9.47381
695 -9.47381
696 -9.47381
697 -9.47381
698 -9.47381
699 -9.47381
700 -9.47381
701 -9.47381
702 -9.47381
703 -9.47381
704 -9.47381
705 -9.47381
706 -9.47381
707 -9.47381
708 -9.47381
709 -9.47381
710 -9.47381
711 -9.47381
712 -9.47381
713 -9.47381
714 -9.47381
715 -9.47381
716 -9.47381
717 -9.47381
718 -9.47381
719 -9.47381
720 -9.47381
721 -9.47381
722 -9.47381
723 -9.47381
724 -9.47381
725 -9.47381
726 -9.47381
727 -9.47381
728 -9.47381
729 -9.47381
730 -9.47381
731 -9.47381
732 -9.47381
733 -9.47381
734 -9.47381
735 -9.47381
736 -9.47381
737 -9.47381
738 -9.47381
739 -9.47381
740 -9.47381
741 -9.47381
742 -9.47381
743 -9.47381
744 -9.47381
745 -9.47381
746 -9.47381
747 -9.47381
748 -9.47381
749 -9.47381
750 -9.47381
751 -9.47381
752 -9.47381
753 -9.47381
754 -9.47381
755 -9.47381
756 -9.47381
757 -9.47381
758 -9.47381
759 -9.47381
760 -9.47381
761 -9.47381
762 -9.47381
763 -9.47381
764 -9.47381
765 -9.47381
766 -9.47381
767 -9.47381
768 -9.47381
769 -9.47381
770 -9.47381
771 -9.47381
772 -9.47381
773 -9.47381
774 -9.47381
775 -9.47381
776 -9.47381
777 -9.47381
778 -9.47381
779 -9.47381
780 -9.47381
781 -9.47381
782 -9.47381
783 -9.47381
784 -9.47381
785 -9.47381
786 -9.47381
787 -9.47381
788 -9.47381
789 -9.47381
790 -9.47381
791 -9.47381
792 -9.47381
793 -9.47381
794 -9.47381
795 -9.47381
796 -9.47381
797 -9.47381
798 -9.47381
799 -9.47381
800 -9.47381
801 -9.47381
802 -9.47381
803 -9.47381
804 -9.47381
805 -9.47381
806 -9.47381
807 -9.47381
808 -9.47381
809 -9.47381
810 -9.47381
811 -9.47381
812 -9.47381
813 -9.47381
814 -9.47381
815 -9.47381
816 -9.47381
817 -9.47381
818 -9.47381
819 -9.47381
820 -9.46783
821 -9.46783
822 -9.46783
823 -9.46783
824 -9.46783
825 -9.46783
826 -9.46783
827 -9.46783
828 -9.46783
829 -9.46783
830 -9.46783
831 -9.46783
832 -9.46783
833 -9.46783
834 -9.46783
835 -9.46783
836 -9.46783
837 -9.46783
838 -9.46783
839 -9.46783
840 -9.46783
841 -9.46783
842 -9.46783
843 -9.46783
844 -9.46783
845 -9.46783
846 -9.46783
847 -9.46783
848 -9.46783
849 -9.46783
850 -9.46783
851 -9.46783
852 -9.46783
853 -9.46783
854 -9.46783
855 -9.46783
856 -9.46783
857 -9.46783
858 -9.46783
859 -9.46397
860 -9.46397
861 -9.46397
862 -9.46397
863 -9.46397
864 -9.46397
865 -9.46397
866 -9.46397
867 -9.46397
868 -9.46397
869 -9.46397
870 -9.46397
871 -9.46397
872 -9.46397
873 -9.46397
874 -9.46397
875 -9.46397
876 -9.46397
877 -9.46397
878 -9.46397
879 -9.46397
880 -9.46397
881 -9.46397
882 -9.46397
883 -9.46397
884 -9.46397
885 -9.46397
886 -9.46397
887 -9.46397
888 -9.46397
889 -9.46397
890 -9.46397
891 -9.46397
892 -9.46397
893 -9.46397
894 -9.46397
895 -9.46397
896 -9.46397
897 -9.45058
898 -9.45058
899 -9.45058
900 -9.45058
901 -9.45058
902 -9.45058
903 -9.45058
904 -9.45058
905 -9.45058
906 -9.45058
907 -9.45058
908 -9.45058
909 -9.45058
910 -9.45058
911 -9.45058
912 -9.45058
913 -9.45058
914 -9.45058
915 -9.45058
916 -9.45058
917 -9.45058
918 -9.45058
919 -9.45058
920 -9.45058
921 -9.45058
922 -9.45058
923 -9.45058
924 -9.45058
925 -9.45058
926 -9.45058
927 -9.45058
928 -9.45058
929 -9.45058
930 -9.45058
931 -9.45058
932 -9.45058
933 -9.45058
934 -9.45058
935 -9.45058
936 -9.45058
937 -9.42606
938 -9.42606
939 -9.42606
940 -9.42606
941 -9.42606
942 -9.42606
943 -9.42606
944 -9.42606
945 -9.42606
946 -9.42606
947 -9.42606
948 -9.42606
949 -9.42606
950 -9.42606
951 -9.42606
952 -9.42606
953 -9.42606
954 -9.42606
955 -9.42606
956 -9.42606
957 -9.42606
958 -9.42606
959 -9.42606
960 -9.42606
961 -9.42606
962 -9.42606
963 -9.42606
964 -9.42606
965 -9.42606
966 -9.42606
967 -9.42606
968 -9.42606
969 -9.42606
970 -9.42606
971 -9.42606
972 -9.42606
973 -9.42606
974 -9.42606
975 -9.42606
976 -9.42606
977 -9.42606
978 -9.42606
979 -9.42606
980 -9.42606
981 -9.42606
982 -9.42606
983 -9.42606
984 -9.42606
985 -9.42606
986 -9.42606
987 -9.42606
988 -9.42606
989 -9.42606
990 -9.42606
991 -9.42606
992 -9.42606
993 -9.42606
994 -9.42606
995 -9.42606
996 -9.42606
997 -9.42606
998 -9.42606
999 -9.42606
