0 -2226.13
1 -2226.13
2 -2226.13
3 -2226.13
4 -2226.13
5 -2226.13
6 -2226.13
7 -2226.13
8 -2226.13
9 -2226.13
10 -2226.13
11 -2226.13
12 -2226.13
13 -2226.13
14 -2226.13
15 -2226.13
16 -2226.13
17 -2226.13
18 -2226.13
19 -2226.13
20 -2226.13
21 -2226.13
22 -2226.13
23 -2226.13
24 -2226.13
25 -2226.13
26 -2226.13
27 -2226.13
28 -2226.13
29 -2226.13
30 -2226.13
31 -2226.13
32 -2226.13
33 -2226.13
34 -2226.13
35 -2226.13
36 -2226.13
37 -2226.13
38 -2226.13
39 -2226.13
40 -2226.13
41 -2226.13
42 -2226.13
43 -2226.13
44 -2226.13
45 -2226.13
46 -2226.13
47 -2226.13
48 -2226.13
49 -2226.13
50 -2226.13
51 -2226.13
52 -2226.13
53 -2226.13
54 -2226.13
55 -2226.13
56 -2226.13
57 -2226.13
58 -2226.13
59 -2226.13
60 -2226.13
61 -2226.13
62 -2226.13
63 -2226.13
64 -2226.13
65 -2226.13
66 -2226.13
67 -2226.13
68 -2226.13
69 -2226.13
70 -2226.13
71 -2226.13
72 -2226.13
73 -2226.13
74 -2226.13
75 -2226.13
76 -2226.13
77 -2226.13
78 -2226.13
79 -2226.13
80 -2226.13
81 -2226.13
82 -2226.13
83 -2226.13
84 -2226.13
85 -2226.13
86 -2226.13
87 -2226.13
88 -2226.13
89 -2226.13
90 -2226.13
91 -2064.49
92 -2064.49
93 -2064.49
94 -2064.49
95 -2064.49
96 -1812.25
97 -1812.25
98 -1812.25
99 -1812.25
100 -1812.25
101 -1812.25
102 -1812.25
103 -1812.25
104 -1812.25
105 -1812.25
106 -1812.25
107 -1812.25
108 -1812.25
109 -1094.08
110 -1094.08
111 -1094.08
112 -1094.08
113 -1094.08
114 -1094.08
115 -1094.08
116 -1094.08
117 -1094.08
118 -1094.08
119 -1094.08
120 -1094.08
121 -1094.08
122 -1094.08
123 -1094.08
124 -1094.08
125 -1094.08
126 -1094.08
127 -1094.08
128 -1094.08
129 -1094.08
130 -1094.08
131 -1094.08
132 -1094.08
133 -1094.08
134 -1094.08
135 -1094.08
136 -1094.08
137 -1094.08
138 -836.75
139 -836.75
140 -836.75
141 -836.75
142 -836.75
143 -836.75
144 -836.75
145 -836.75
146 -836.75
147 -836.75
148 -836.75
149 -836.75
150 -471.399
151 -471.399
152 -471.399
153 -471.399
154 -471.399
155 -471.399
156 -471.399
157 -471.399
158 -471.399
159 -471.399
160 -471.399
161 -471.399
162 -471.399
163 -471.399
164 -471.399
165 -471.399
166 -471.399
167 -471.399
168 -471.399
169 -471.399
170 -471.399
171 -471.399
172 -471.399
173 -471.399
174 -471.399
175 -471.399
176 -471.399
177 -471.399
178 -471.399
179 -471.399
180 -471.399
181 -471.399
182 -471.399
183 -471.399
184 -471.399
185 -471.399
186 -471.399
187 -471.399
188 -471.399
189 -471.399
190 -471.399
191 -471.399
192 -471.399
193 -471.399
194 -471.399
195 -471.399
196 -471.399
197 -364.062
198 -364.062
199 -364.062
200 -364.062
201 -364.062
202 -364.062
203 -364.062
204 -364.062
205 -364.062
206 -364.062
207 -364.062
208 -364.062
209 -364.062
210 -364.062
211 -364.062
212 -364.062
213 -192.054
214 -192.054
215 -192.054
216 -192.054
217 -192.054
218 -192.054
219 -192.054
220 -192.054
221 -192.054
222 -192.054
223 -192.054
224 -192.054
225 -192.054
226 -192.054
227 -192.054
228 -192.054
229 -192.054
230 -192.054
231 -192.054
232 -192.054
233 -192.054
234 -192.054
235 -192.054
236 -192.054
237 -192.054
238 -192.054
239 -192.054
240 -192.054
241 -192.054
242 -192.054
243 -192.054
244 -192.054
245 -192.054
246 -192.054
247 -192.054
248 -192.054
249 -192.054
250 -119.612
251 -119.612
252 -119.612
253 -119.612
254 -119.612
255 -119.612
256 -119.612
257 -119.612
258 -119.612
259 -119.612
260 -119.612
261 -119.612
262 -119.612
263 -119.612
264 -119.612
265 -119.612
266 -119.612
267 -119.612
268 -119.612
269 -93.9449
270 -93.9449
271 -93.9449
272 -93.9449
273 -93.9449
274 -93.9449
275 -93.9449
276 -93.9449
277 -93.9449
278 -93.9449
279 -93.9449
280 -93.9449
281 -93.9449
282 -93.9449
283 -93.9449
284 -93.9449
285 -93.9449
286 -93.9449
287 -19.7609
288 -19.7609
289 -19.7609
290 -19.7609
291 -19.7609
292 -19.7609
293 -19.7609
294 -19.7609
295 -19.7609
296 -19.7609
297 -19.7609
298 -19.7609
299 -19.7609
300 -19.7609
301 -19.7609
302 -19.7609
303 -19.7609
304 -19.7609
305 -19.7609
306 -19.7609
307 -19.7609
308 -19.7609
309 -19.7609
310 -19.7609
311 -19.7609
312 -19.7609
313 -19.7609
314 -19.7609
315 -19.7609
316 -19.7609
317 -19.7609
318 -19.7609
319 -19.7609
320 -19.7609
321 -19.7609
322 -19.7609
323 -19.7609
324 -19.7609
325 -19.7609
326 -19.7609
327 -19.7609
328 -19.7609
329 -19.7609
330 -19.7609
331 -19.7609
332 -19.7609
333 -19.7609
334 -19.7609
335 -19.7609
336 -19.7609
337 -19.7609
338 -19.7609
339 -19.7609
340 -19.7609
341 -19.7609
342 -19.7609
343 -19.7609
344 -19.7609
345 -19.7609
346 -19.7609
347 -19.7609
348 -19.7609
349 -19.7609
350 -19.7609
351 -19.7609
352 -19.7609
353 -19.7609
354 -19.7609
355 -19.7609
356 -19.7609
357 -19.7609
358 -19.7609
359 -19.7609
360 -19.7609
361 -19.7609
362 -19.7609
363 -19.7609
364 -13.5905
365 -13.5905
366 -13.5905
367 -13.5905
368 -13.5905
369 -13.5905
370 -13.5905
371 -13.5905
372 -13.5905
373 -13.5905
374 -13.5905
375 -13.5905
376 -13.5905
377 -13.5905
378 -13.5905
379 -13.5905
380 -13.5905
381 -13.5905
382 -13.5905
383 -13.5905
384 -13.5905
385 -13.5905
386 -13.5905
387 -13.5905
388 -13.5905
389 -13.5905
390 -13.5905
391 -13.5905
392 -13.5905
393 -13.5905
394 -13.5905
395 -13.5905
396 -13.5905
397 -13.5905
398 -13.5905
399 -13.5905
400 -13.5905
401 -13.5905
402 -13.5905
403 -13.5905
404 -11.0734
405 -11.0734
406 -11.0734
407 -11.0734
408 -11.0734
409 -11.0734
410 -11.0734
411 -11.0734
412 -11.0734
413 -11.0734
414 -11.0734
415 -11.0734
416 -11.0734
417 -11.0734
418 -11.0734
419 -11.0734
420 -11.0734
421 -11.0734
422 -11.0734
423 -11.0734
424 -11.0734
425 -11.0734
426 -11.0734
427 -11.0734
428 -11.0734
429 -11.0734
430 -11.0734
431 -11.0734
432 -11.0734
433 -11.0734
434 -11.0734
435 -11.0734
436 -11.0734
437 -11.0734
438 -11.0734
439 -11.0734
440 -11.0734
441 -11.0734
442 -11.0734
443 -11.0734
444 -11.0734
445 -11.0734
446 -11.0734
447 -11.0734
448 -11.0734
449 -11.0734
450 -11.0734
451 -11.0734
452 -11.0734
453 -11.0734
454 -11.0734
455 -11.0734
456 -11.0734
457 -10.7755
458 -10.7755
459 -10.7755
460 -10.7755
461 -10.7755
462 -10.7755
463 -10.7755
464 -10.7755
465 -10.1803
466 -10.1803
467 -10.1803
468 -10.1803
469 -10.1803
470 -10.1803
471 -10.1803
472 -10.1803
473 -10.1803
474 -10.1803
475 -10.1803
476 -10.1803
477 -10.1803
478 -10.1803
479 -10.1803
480 -10.1803
481 -10.1803
482 -10.1803
483 -10.1803
484 -10.1803
485 -10.1803
486 -10.1803
487 -10.1803
488 -10.1803
489 -10.1803
490 -10.1803
491 -10.1803
492 -10.1803
493 -10.1803
494 -10.1803
495 -10.1803
496 -10.1803
497 -10.1803
498 -10.1803
499 -10.1803
500 -10.1803
501 -10.1803
502 -10.1803
503 -10.1803
504 -10.1803
505 -10.1803
506 -10.1803
507 -10.1803
508 -10.1803
509 -10.1803
510 -10.1803
511 -10.1803
512 -10.1803
513 -10.1803
514 -10.1803
515 -10.1803
516 -10.1803
517 -10.1803
518 -10.1803
519 -10.1803
520 -10.1803
521 -10.1803
522 -10.1803
523 -10.1803
524 -10.1803
525 -10.1803
526 -10.1803
527 -10.1803
528 -10.1803
529 -10.1803
530 -10.1803
531 -10.1803
532 -10.1803
533 -9.97855
534 -9.97855
535 -9.97855
536 -9.66832
537 -9.66832
538 -9.66832
539 -9.66832
540 -9.66832
541 -9.66832
542 -9.66832
543 -9.66832
544 -9.66832
545 -9.66832
546 -9.66832
547 -9.66832
548 -9.66832
549 -9.54139
550 -9.54139
551 -9.54139
552 -9.54139
553 -9.54139
554 -9.54139
555 -9.54139
556 -9.54139
557 -9.54139
558 -9.54139
559 -9.54139
560 -9.54139
561 -9.54139
562 -9.54139
563 -9.54139
564 -9.54139
565 -9.54139
566 -9.54139
567 -9.54139
568 -9.54139
569 -9.54139
570 -9.54139
571 -9.54139
572 -9.54139
573 -9.54139
574 -9.54139
575 -9.54139
576 -9.54139
577 -9.54139
578 -9.54139
579 -9.54139
580 -9.54139
581 -9.54139
582 -9.54139
583 -9.54139
584 -9.54139
585 -9.54139
586 -9.54139
587 -9.54139
588 -9.54139
589 -9.54139
590 -9.54139
591 -9.54139
592 -9.54139
593 -9.54139
594 -9.54139
595 -9.54139
596 -9.54139
597 -9.54139
598 -9.54139
599 -9.54139
600 -9.54139
601 -9.54139
602 -9.54139
603 -9.54139
604 -9.54139
605 -9.54139
606 -9.54139
607 -9.54139
608 -9.54139
609 -9.54139
610 -9.54139
611 -9.54139
612 -9.54139
613 -9.54139
614 -9.54139
615 -9.54139
616 -9.54139
617 -9.54139
618 -9.54139
619 -9.54139
620 -9.54139
621 -9.54139
622 -9.54139
623 -9.54139
624 -9.54139
625 -9.54139
626 -9.54139
627 -9.54139
628 -9.54139
629 -9.54139
630 -9.54139
631 -9.54139
632 -9.54139
633 -9.54139
634 -9.54139
635 -9.54139
636 -9.54139
637 -9.54139
638 -9.54139
639 -9.54139
640 -9.54139
641 -9.54139
642 -9.54139
643 -9.54139
644 -9.54139
645 -9.54139
646 -9.54139
647 -9.54139
648 -9.54139
649 -9.54139
650 -9.54139
651 -9.54139
652 -9.54139
653 -9.54139
654 -9.54139
655 -9.54139
656 -9.54139
657 -9.54139
658 -9.54139
659 -9.54139
660 -9.54139
661 -9.54139
662 -9.54139
663 -9.54139
664 -9.54139
665 -9.54139
666 -9.54139
667 -9.54139
668 -9.54139
669 -9.54139
670 -9.54139
671 -9.54139
672 -9.54139
673 -9.54139
674 -9.54139
675 -9.54139
676 -9.54139
677 -9.54139
678 -9.54139
679 -9.54139
680 -9.54139
681 -9.54139
682 -9.54139
683 -9.54139
684 -9.54139
685 -9.54139
686 -9.54139
687 -9.54139
688 -9.54139
689 -9.54139
690 -9.54139
691 -9.54139
692 -9.54139
693 -9.54139
694 -9.54139
695 -9.54139
696 -9.54139
697 -9.54139
698 -9.54139
699 -9.54139
700 -9.51891
701 -9.49776
702 -9.49776
703 -9.49776
704 -9.49776
705 -9.49776
706 -9.49776
707 -9.49776
708 -9.49776
709 -9.49776
710 -9.49776
711 -9.49776
712 -9.49776
713 -9.49776
714 -9.49776
715 -9.49776
716 -9.49776
717 -9.49776
718 -9.49776
719 -9.49776
720 -9.49776
721 -9.49776
722 -9.49776
723 -9.49776
724 -9.49776
725 -9.49776
726 -9.49776
727 -9.49776
728 -9.49776
729 -9.47673
730 -9.47673
731 -9.47673
732 -9.47673
733 -9.47673
734 -9.47673
735 -9.47673
736 -9.47673
737 -9.47673
738 -9.47673
739 -9.47673
740 -9.47673
741 -9.47673
742 -9.47673
743 -9.47673
744 -9.47673
745 -9.47673
746 -9.47673
747 -9.47673
748 -9.47673
749 -9.47673
750 -9.47673
751 -9.47673
752 -9.47673
753 -9.47673
754 -9.47673
755 -9.47673
756 -9.47673
757 -9.47673
758 -9.47673
759 -9.47673
760 -9.47673
761 -9.47673
762 -9.47673
763 -9.47673
764 -9.47673
765 -9.47673
766 -9.47673
767 -9.47673
768 -9.47673
769 -9.47673
770 -9.47673
771 -9.47673
772 -9.47673
773 -9.47673
774 -9.47673
775 -9.47673
776 -9.47673
777 -9.47673
778 -9.47673
779 -9.47673
780 -9.47673
781 -9.47673
782 -9.47673
783 -9.47673
784 -9.47673
785 -9.47673
786 -9.47673
787 -9.47673
788 -9.47673
789 -9.47673
790 -9.47673
791 -9.47673
792 -9.47673
793 -9.47673
794 -9.47673
795 -9.47673
796 -9.47673
797 -9.47673
798 -9.47673
799 -9.47673
800 -9.47673
801 -9.47673
802 -9.47673
803 -9.47673
804 -9.47673
805 -9.47673
806 -9.47673
807 -9.47673
808 -9.47673
809 -9.47673
810 -9.47673
811 -9.47673
812 -9.47673
813 -9.47673
814 -9.47673
815 -9.47673
816 -9.47673
817 -9.47673
818 -9.47673
819 -9.47673
820 -9.47673
821 -9.47673
822 -9.47673
823 -9.47673
824 -9.47673
825 -9.47673
826 -9.47673
827 -9.47673
828 -9.47673
829 -9.47673
830 -9.47673
831 -9.47673
832 -9.47673
833 -9.47673
834 -9.47673
835 -9.47673
836 -9.47673
837 -9.47673
838 -9.47673
839 -9.47673
840 -9.47673
841 -9.47673
842 -9.47673
843 -9.47673
844 -9.47673
845 -9.47673
846 -9.46374
847 -9.46374
848 -9.46374
849 -9.46374
850 -9.46374
851 -9.46374
852 -9.46374
853 -9.46374
854 -9.46374
855 -9.46374
856 -9.46374
857 -9.46374
858 -9.46374
859 -9.46374
860 -9.46374
861 -9.46374
862 -9.46374
863 -9.46374
864 -9.46374
865 -9.46374
866 -9.46374
867 -9.46374
868 -9.46374
869 -9.46374
870 -9.46374
871 -9.46374
872 -9.46374
873 -9.46374
874 -9.46374
875 -9.46374
876 -9.45036
877 -9.45036
878 -9.45036
879 -9.45036
880 -9.449
881 -9.449
882 -9.449
883 -9.449
884 -9.449
885 -9.449
886 -9.449
887 -9.449
888 -9.449
889 -9.449
890 -9.449
891 -9.449
892 -9.449
893 -9.449
894 -9.449
895 -9.449
896 -9.449
897 -9.449
898 -9.449
899 -9.449
900 -9.449
901 -9.449
902 -9.449
903 -9.449
904 -9.449
905 -9.449
906 -9.449
907 -9.449
908 -9.449
909 -9.449
910 -9.449
911 -9.449
912 -9.449
913 -9.449
914 -9.449
915 -9.449
916 -9.449
917 -9.449
918 -9.449
919 -9.449
920 -9.449
921 -9.449
922 -9.449
923 -9.449
924 -9.449
925 -9.449
926 -9.449
927 -9.449
928 -9.449
929 -9.449
930 -9.449
931 -9.449
932 -9.449
933 -9.449
934 -9.449
935 -9.449
936 -9.449
937 -9.449
938 -9.449
939 -9.449
940 -9.449
941 -9.449
942 -9.449
943 -9.449
944 -9.449
945 -9.449
946 -9.449
947 -9.449
948 -9.449
949 -9.449
950 -9.449
951 -9.449
952 -9.449
953 -9.449
954 -9.449
955 -9.449
956 -9.449
957 -9.449
958 -9.449
959 -9.449
960 -9.449
961 -9.449
962 -9.449
963 -9.449
964 -9.449
965 -9.449
966 -9.449
967 -9.449
968 -9.449
969 -9.449
970 -9.449
971 -9.449
972 -9.43449
973 -9.43449
974 -9.43449
975 -9.43449
976 -9.43449
977 -9.43449
978 -9.42748
979 -9.42748
980 -9.42748
981 -9.42748
982 -9.42748
983 -9.42748
984 -9.42748
985 -9.42748
986 -9.42748
987 -9.42748
988 -9.42748
989 -9.42748
990 -9.42748
991 -9.42748
992 -9.42748
993 -9.42748
994 -9.42748
995 -9.42748
996 -9.42748
997 -9.42748
998 -9.42748
999 -9.42748
