0 -3194.25
1 -3194.25
2 -3194.25
3 -3194.25
4 -3194.25
5 -3194.25
6 -3194.25
7 -3194.25
8 -3194.25
9 -3194.25
10 -3194.25
11 -3194.25
12 -3194.25
13 -3194.25
14 -3194.25
15 -3194.25
16 -3194.25
17 -3194.25
18 -3194.25
19 -3194.25
20 -3194.25
21 -3194.25
22 -3194.25
23 -3194.25
24 -3194.25
25 -3194.25
26 -3194.25
27 -3194.25
28 -3194.25
29 -3194.25
30 -3194.25
31 -3194.25
32 -3194.25
33 -3194.25
34 -3194.25
35 -3194.25
36 -3194.25
37 -3194.25
38 -3194.25
39 -3194.25
40 -3194.25
41 -3194.25
42 -3194.25
43 -3194.25
44 -3194.25
45 -3194.25
46 -3194.25
47 -3194.25
48 -3194.25
49 -3194.25
50 -3194.25
51 -3194.25
52 -3194.25
53 -3194.25
54 -3194.25
55 -3194.25
56 -3194.25
57 -3194.25
58 -3194.25
59 -3194.25
60 -3194.25
61 -3194.25
62 -3194.25
63 -3194.25
64 -3194.25
65 -3194.25
66 -3194.25
67 -3194.25
68 -3194.25
69 -3194.25
70 -3194.25
71 -3194.25
72 -3194.25
73 -3194.25
74 -3194.25
75 -3194.25
76 -3194.25
77 -3194.25
78 -3194.25
79 -3194.25
80 -3194.25
81 -3194.25
82 -3194.25
83 -2242.58
84 -2242.58
85 -2242.58
86 -2242.58
87 -2242.58
88 -2242.58
89 -2242.58
90 -2242.58
91 -2242.58
92 -2242.58
93 -2242.58
94 -2242.58
95 -2242.58
96 -2242.58
97 -2242.58
98 -2242.58
99 -2242.58
100 -2242.58
101 -2242.58
102 -2242.58
103 -2242.58
104 -2242.58
105 -2242.58
106 -2242.58
107 -2242.58
108 -2242.58
109 -2242.58
110 -2242.58
111 -2242.58
112 -2242.58
113 -2242.58
114 -2242.58
115 -2242.58
116 -2242.58
117 -2242.58
118 -2242.58
119 -2242.58
120 -2242.58
121 -2242.58
122 -2242.58
123 -2242.58
124 -2242.58
125 -2242.58
126 -2242.58
127 -2242.58
128 -2242.58
129 -2242.58
130 -2242.58
131 -2242.58
132 -2242.58
133 -2242.58
134 -2242.58
135 -2242.58
136 -2242.58
137 -1317.56
138 -1317.56
139 -1317.56
140 -1317.56
141 -1317.56
142 -639.56
143 -639.56
144 -639.56
145 -639.56
146 -639.56
147 -639.56
148 -639.56
149 -639.56
150 -639.56
151 -639.56
152 -639.56
153 -639.56
154 -639.56
155 -639.56
156 -639.56
157 -639.56
158 -639.56
159 -639.56
160 -639.56
161 -639.56
162 -639.56
163 -639.56
164 -639.56
165 -639.56
166 -639.56
167 -639.56
168 -639.56
169 -639.56
170 -639.56
171 -639.56
172 -639.56
173 -639.56
174 -639.56
175 -639.56
176 -639.56
177 -639.56
178 -639.418
179 -639.418
180 -639.418
181 -639.418
182 -639.418
183 -639.418
184 -639.418
185 -639.418
186 -639.418
187 -639.418
188 -639.418
189 -639.418
190 -639.418
191 -639.418
192 -639.418
193 -639.418
194 -639.418
195 -639.418
196 -639.418
197 -639.418
198 -639.418
199 -639.418
200 -639.418
201 -639.418
202 -639.418
203 -639.418
204 -261.073
205 -261.073
206 -261.073
207 -261.073
208 -261.073
209 -261.073
210 -261.073
211 -261.073
212 -261.073
213 -261.073
214 -261.073
215 -261.073
216 -261.073
217 -261.073
218 -261.073
219 -261.073
220 -261.073
221 -261.073
222 -261.073
223 -261.073
224 -261.073
225 -261.073
226 -261.073
227 -261.073
228 -261.073
229 -261.073
230 -261.073
231 -261.073
232 -261.073
233 -261.073
234 -261.073
235 -261.073
236 -261.073
237 -261.073
238 -261.073
239 -261.073
240 -261.073
241 -261.073
242 -261.073
243 -261.073
244 -261.073
245 -261.073
246 -261.073
247 -261.073
248 -261.073
249 -261.073
250 -261.073
251 -261.073
252 -261.073
253 -261.073
254 -261.073
255 -261.073
256 -261.073
257 -261.073
258 -261.073
259 -261.073
260 -261.073
261 -261.073
262 -186.685
263 -186.685
264 -186.685
265 -186.685
266 -186.685
267 -186.685
268 -186.685
269 -149.081
270 -149.081
271 -145.757
272 -145.757
273 -145.757
274 -145.757
275 -145.757
276 -145.757
277 -145.757
278 -145.757
279 -145.757
280 -145.757
281 -145.757
282 -145.757
283 -145.757
284 -145.757
285 -145.757
286 -145.757
287 -145.757
288 -145.757
289 -145.757
290 -145.757
291 -145.757
292 -145.757
293 -145.757
294 -145.757
295 -111.219
296 -111.219
297 -111.219
298 -111.219
299 -111.219
300 -111.219
301 -111.219
302 -111.219
303 -111.219
304 -111.219
305 -106.879
306 -106.879
307 -106.879
308 -44.9397
309 -44.9397
310 -44.9397
311 -44.9397
312 -44.9397
313 -44.9397
314 -44.9397
315 -44.9397
316 -44.9397
317 -44.9397
318 -38.1096
319 -38.1096
320 -38.1096
321 -38.1096
322 -38.1096
323 -38.1096
324 -38.1096
325 -38.1096
326 -38.1096
327 -38.1096
328 -38.1096
329 -38.1096
330 -38.1096
331 -38.1096
332 -38.1096
333 -38.1096
334 -38.1096
335 -38.1096
336 -38.1096
337 -38.1096
338 -38.1096
339 -38.1096
340 -38.1096
341 -38.1096
342 -38.1096
343 -38.1096
344 -38.1096
345 -38.1096
346 -38.1096
347 -38.1096
348 -38.1096
349 -38.1096
350 -38.1096
351 -38.1096
352 -38.1096
353 -15.781
354 -15.781
355 -15.781
356 -15.781
357 -15.781
358 -15.781
359 -15.781
360 -15.781
361 -15.781
362 -15.781
363 -15.781
364 -13.5868
365 -13.5868
366 -13.5868
367 -13.5868
368 -13.5868
369 -13.5868
370 -13.5868
371 -13.5868
372 -13.5868
373 -13.5868
374 -11.0998
375 -11.0998
376 -11.0998
377 -11.0998
378 -11.0998
379 -11.0998
380 -11.0998
381 -11.0998
382 -11.0998
383 -11.0998
384 -11.0998
385 -11.0998
386 -11.0998
387 -11.0998
388 -11.0998
389 -11.0998
390 -11.0998
391 -11.0998
392 -11.0998
393 -11.0998
394 -11.0998
395 -11.0998
396 -11.0998
397 -11.0998
398 -11.0998
399 -11.0998
400 -11.0998
401 -11.0998
402 -11.0998
403 -11.0998
404 -11.0998
405 -11.0998
406 -11.0998
407 -11.0998
408 -11.0998
409 -11.0998
410 -11.0998
411 -11.0998
412 -11.0998
413 -11.0998
414 -11.0998
415 -11.0998
416 -11.0998
417 -11.0998
418 -11.0998
419 -11.0998
420 -11.0998
421 -11.0998
422 -11.0998
423 -11.0998
424 -11.0998
425 -11.0998
426 -11.0998
427 -11.0998
428 -11.0998
429 -11.0998
430 -11.0998
431 -11.0998
432 -11.0998
433 -11.0998
434 -11.0998
435 -11.0998
436 -11.0998
437 -11.0998
438 -11.0998
439 -11.0998
440 -11.0998
441 -11.0998
442 -11.0998
443 -11.0998
444 -11.0998
445 -11.0998
446 -11.0998
447 -11.0998
448 -11.0998
449 -11.0998
450 -11.0998
451 -11.0998
452 -11.0998
453 -11.0998
454 -11.0998
455 -11.0998
456 -11.0998
457 -11.0998
458 -11.0998
459 -11.0998
460 -11.0998
461 -11.0998
462 -11.0998
463 -11.0998
464 -11.0998
465 -11.0998
466 -11.0998
467 -11.0998
468 -11.0998
469 -11.0998
470 -11.0998
471 -10.6362
472 -10.6362
473 -10.6362
474 -10.6362
475 -10.6362
476 -10.6362
477 -10.6362
478 -10.6362
479 -10.6362
480 -10.6362
481 -10.6362
482 -10.6362
483 -10.6362
484 -10.6362
485 -10.6362
486 -10.6362
487 -10.6362
488 -10.6362
489 -10.6362
490 -10.6362
491 -10.6362
492 -10.6362
493 -10.6362
494 -10.6362
495 -10.6362
496 -10.6362
497 -10.6362
498 -10.6362
499 -10.6362
500 -10.6362
501 -10.6362
502 -10.3555
503 -10.3555
504 -10.3555
505 -10.3555
506 -10.3555
507 -10.3555
508 -10.3555
509 -10.3555
510 -10.3555
511 -10.3555
512 -10.3555
513 -10.3555
514 -10.3555
515 -10.3555
516 -10.3555
517 -10.3555
518 -10.3555
519 -10.2363
520 -10.2363
521 -10.2363
522 -10.2363
523 -9.97055
524 -9.97055
525 -9.97055
526 -9.97055
527 -9.97055
528 -9.97055
529 -9.97055
530 -9.97055
531 -9.81907
532 -9.81907
533 -9.81907
534 -9.81907
535 -9.81907
536 -9.81907
537 -9.81907
538 -9.81907
539 -9.81907
540 -9.81907
541 -9.81907
542 -9.81907
543 -9.81907
544 -9.81907
545 -9.81907
546 -9.81907
547 -9.57564
548 -9.57564
549 -9.57564
550 -9.57564
551 -9.57564
552 -9.57564
553 -9.57564
554 -9.57564
555 -9.57564
556 -9.57564
557 -9.57564
558 -9.57564
559 -9.57564
560 -9.57564
561 -9.57564
562 -9.57564
563 -9.57564
564 -9.57564
565 -9.57564
566 -9.57564
567 -9.57564
568 -9.57564
569 -9.57564
570 -9.57564
571 -9.57564
572 -9.57564
573 -9.57564
574 -9.57564
575 -9.57564
576 -9.57564
577 -9.57564
578 -9.57564
579 -9.57564
580 -9.57564
581 -9.57564
582 -9.57564
583 -9.57564
584 -9.57564
585 -9.57564
586 -9.57564
587 -9.57564
588 -9.57564
589 -9.57564
590 -9.57564
591 -9.57564
592 -9.57564
593 -9.57564
594 -9.57564
595 -9.57564
596 -9.57564
597 -9.57564
598 -9.57564
599 -9.57564
600 -9.57564
601 -9.57564
602 -9.57564
603 -9.57564
604 -9.57564
605 -9.57564
606 -9.57564
607 -9.57564
608 -9.57564
609 -9.57564
610 -9.57564
611 -9.57564
612 -9.57564
613 -9.57564
614 -9.57564
615 -9.57564
616 -9.57564
617 -9.57564
618 -9.57564
619 -9.57564
620 -9.57564
621 -9.57564
622 -9.57564
623 -9.57564
624 -9.57564
625 -9.57564
626 -9.57564
627 -9.57564
628 -9.57564
629 -9.57564
630 -9.57564
631 -9.57564
632 -9.57564
633 -9.57564
634 -9.57564
635 -9.57564
636 -9.57564
637 -9.57564
638 -9.57564
639 -9.57564
640 -9.57564
641 -9.57564
642 -9.57564
643 -9.57564
644 -9.57564
645 -9.57564
646 -9.57564
647 -9.57564
648 -9.57564
649 -9.57564
650 -9.57564
651 -9.57564
652 -9.57564
653 -9.57564
654 -9.57564
655 -9.57564
656 -9.57564
657 -9.57564
658 -9.57564
659 -9.57564
660 -9.57564
661 -9.57564
662 -9.57564
663 -9.57564
664 -9.57564
665 -9.57564
666 -9.57564
667 -9.57564
668 -9.57564
669 -9.57564
670 -9.57564
671 -9.57564
672 -9.57564
673 -9.57564
674 -9.57564
675 -9.57564
676 -9.51579
677 -9.51579
678 -9.51579
679 -9.51579
680 -9.51579
681 -9.51579
682 -9.51579
683 -9.51579
684 -9.51579
685 -9.51579
686 -9.51579
687 -9.51579
688 -9.51579
689 -9.51579
690 -9.51579
691 -9.51579
692 -9.51579
693 -9.51579
694 -9.51579
695 -9.51579
696 -9.51579
697 -9.51579
698 -9.51579
699 -9.51579
700 -9.51579
701 -9.51579
702 -9.51579
703 -9.51579
704 -9.51579
705 -9.51579
706 -9.51579
707 -9.51579
708 -9.51579
709 -9.51579
710 -9.51579
711 -9.51579
712 -9.51579
713 -9.51579
714 -9.51579
715 -9.51579
716 -9.51579
717 -9.51579
718 -9.51579
719 -9.51579
720 -9.51579
721 -9.51579
722 -9.51579
723 -9.51579
724 -9.51579
725 -9.51579
726 -9.51579
727 -9.51579
728 -9.51579
729 -9.51579
730 -9.51579
731 -9.51579
732 -9.51579
733 -9.51579
734 -9.51579
735 -9.51579
736 -9.51579
737 -9.51579
738 -9.51579
739 -9.51579
740 -9.51579
741 -9.51579
742 -9.51579
743 -9.51579
744 -9.51579
745 -9.51579
746 -9.49816
747 -9.49816
748 -9.49816
749 -9.49816
750 -9.49816
751 -9.49816
752 -9.49816
753 -9.49816
754 -9.49816
755 -9.49816
756 -9.49816
757 -9.49816
758 -9.49816
759 -9.49816
760 -9.49816
761 -9.49816
762 -9.49816
763 -9.49816
764 -9.49816
765 -9.49816
766 -9.49816
767 -9.49816
768 -9.49816
769 -9.49816
770 -9.49816
771 -9.49816
772 -9.49816
773 -9.48702
774 -9.48699
775 -9.48699
776 -9.48699
777 -9.48699
778 -9.48699
779 -9.48699
780 -9.48699
781 -9.48699
782 -9.48699
783 -9.48699
784 -9.48699
785 -9.48699
786 -9.48699
787 -9.48699
788 -9.48699
789 -9.48699
790 -9.48699
791 -9.48699
792 -9.48699
793 -9.48699
794 -9.48699
795 -9.48699
796 -9.48699
797 -9.48699
798 -9.48699
799 -9.48699
800 -9.48699
801 -9.48699
802 -9.48699
803 -9.48699
804 -9.48699
805 -9.48699
806 -9.48699
807 -9.48699
808 -9.48699
809 -9.48699
810 -9.48699
811 -9.48699
812 -9.48676
813 -9.48676
814 -9.47485
815 -9.47485
816 -9.47485
817 -9.47485
818 -9.47485
819 -9.47485
820 -9.47282
821 -9.47282
822 -9.47282
823 -9.47282
824 -9.47282
825 -9.47282
826 -9.47282
827 -9.47282
828 -9.44953
829 -9.44953
830 -9.44953
831 -9.44953
832 -9.44953
833 -9.44953
834 -9.44953
835 -9.44953
836 -9.44953
837 -9.44953
838 -9.44953
839 -9.44953
840 -9.44737
841 -9.44737
842 -9.44737
843 -9.44737
844 -9.44737
845 -9.44737
846 -9.44737
847 -9.44737
848 -9.44737
849 -9.44737
850 -9.44737
851 -9.44737
852 -9.44737
853 -9.44737
854 -9.44737
855 -9.44737
856 -9.44737
857 -9.44737
858 -9.44737
859 -9.44737
860 -9.44737
861 -9.44737
862 -9.44737
863 -9.44737
864 -9.44737
865 -9.44737
866 -9.44737
867 -9.44737
868 -9.44737
869 -9.44737
870 -9.44737
871 -9.44737
872 -9.44737
873 -9.44737
874 -9.44737
875 -9.44737
876 -9.44737
877 -9.44737
878 -9.44737
879 -9.44737
880 -9.44737
881 -9.44737
882 -9.44737
883 -9.44737
884 -9.44737
885 -9.44737
886 -9.44737
887 -9.44737
888 -9.44737
889 -9.44737
890 -9.44737
891 -9.44737
892 -9.44737
893 -9.44737
894 -9.44737
895 -9.44737
896 -9.44737
897 -9.44737
898 -9.44737
899 -9.44737
900 -9.44737
901 -9.44737
902 -9.44737
903 -9.44737
904 -9.44737
905 -9.44737
906 -9.44737
907 -9.44737
908 -9.44737
909 -9.44737
910 -9.44737
911 -9.44737
912 -9.44737
913 -9.44737
914 -9.44737
915 -9.44737
916 -9.44737
917 -9.44737
918 -9.44737
919 -9.44737
920 -9.44737
921 -9.44737
922 -9.44737
923 -9.44737
924 -9.44737
925 -9.44737
926 -9.44737
927 -9.44737
928 -9.44737
929 -9.44631
930 -9.44631
931 -9.44438
932 -9.44438
933 -9.44438
934 -9.44438
935 -9.44438
936 -9.44438
937 -9.44438
938 -9.44438
939 -9.44438
940 -9.44438
941 -9.44438
942 -9.44438
943 -9.44438
944 -9.44438
945 -9.44438
946 -9.44438
947 -9.44438
948 -9.44438
949 -9.44438
950 -9.44438
951 -9.44438
952 -9.44438
953 -9.44438
954 -9.44438
955 -9.44438
956 -9.44438
957 -9.44438
958 -9.44438
959 -9.44438
960 -9.44438
961 -9.44438
962 -9.44438
963 -9.44438
964 -9.44438
965 -9.44438
966 -9.44438
967 -9.44438
968 -9.44438
969 -9.44438
970 -9.44438
971 -9.44438
972 -9.44188
973 -9.44188
974 -9.44188
975 -9.44188
976 -9.44188
977 -9.44188
978 -9.44188
979 -9.44188
980 -9.44188
981 -9.44188
982 -9.42471
983 -9.42471
984 -9.42471
985 -9.42471
986 -9.42471
987 -9.42471
988 -9.42471
989 -9.42471
990 -9.42471
991 -9.42471
992 -9.42471
993 -9.42471
994 -9.42471
995 -9.42471
996 -9.42471
997 -9.42471
998 -9.42471
999 -9.42471
