0 -2925.83
1 -2925.83
2 -2925.83
3 -2925.83
4 -2925.83
5 -2925.83
6 -2925.83
7 -2925.83
8 -2925.83
9 -2925.83
10 -2925.83
11 -2925.83
12 -2925.83
13 -2925.83
14 -2925.83
15 -2925.83
16 -2925.83
17 -2925.83
18 -2925.83
19 -2925.83
20 -2925.83
21 -2925.83
22 -2925.83
23 -2925.83
24 -2925.83
25 -2925.83
26 -2925.83
27 -2925.83
28 -2925.83
29 -2925.83
30 -2925.83
31 -2925.83
32 -2925.83
33 -2925.83
34 -2925.83
35 -2925.83
36 -2925.83
37 -2925.83
38 -2925.83
39 -2925.83
40 -2925.83
41 -2925.83
42 -2925.83
43 -2925.83
44 -2925.83
45 -2925.83
46 -2925.83
47 -2925.83
48 -2925.83
49 -2925.83
50 -2925.83
51 -2925.83
52 -2925.83
53 -2925.83
54 -2925.83
55 -2925.83
56 -2925.83
57 -2925.83
58 -2925.83
59 -2925.83
60 -2925.83
61 -2925.83
62 -2925.83
63 -2925.83
64 -2925.83
65 -2925.83
66 -2925.83
67 -2925.83
68 -2925.83
69 -2925.83
70 -2925.83
71 -2925.83
72 -2925.83
73 -2925.83
74 -2925.83
75 -1406.4
76 -1406.4
77 -1406.4
78 -1406.4
79 -1406.4
80 -1406.4
81 -1406.4
82 -1406.4
83 -1406.4
84 -1406.4
85 -1406.4
86 -1406.4
87 -1406.4
88 -1406.4
89 -1406.4
90 -1406.4
91 -1406.4
92 -1406.4
93 -1406.4
94 -1406.4
95 -1406.4
96 -1406.4
97 -1406.4
98 -1406.4
99 -1406.4
100 -1406.4
101 -1406.4
102 -1406.4
103 -1406.4
104 -1406.4
105 -1406.4
106 -1406.4
107 -1406.4
108 -1406.4
109 -1406.4
110 -1406.4
111 -1406.4
112 -1406.4
113 -1406.4
114 -1406.4
115 -1406.4
116 -1406.4
117 -1406.4
118 -1406.4
119 -1406.4
120 -1406.4
121 -1406.4
122 -1406.4
123 -1406.4
124 -1406.4
125 -1406.4
126 -1406.4
127 -1406.4
128 -1406.4
129 -1406.4
130 -1406.4
131 -1406.4
132 -1406.4
133 -1406.4
134 -1406.4
135 -1406.4
136 -1406.4
137 -1406.4
138 -1406.4
139 -1406.4
140 -1406.4
141 -1406.4
142 -1406.4
143 -1406.4
144 -1406.4
145 -1406.4
146 -1406.4
147 -1406.4
148 -1406.4
149 -1406.4
150 -1406.4
151 -1406.4
152 -1406.4
153 -728.548
154 -728.548
155 -728.548
156 -728.548
157 -728.548
158 -728.548
159 -728.548
160 -728.548
161 -728.548
162 -728.548
163 -728.548
164 -728.548
165 -728.548
166 -728.548
167 -728.548
168 -728.548
169 -728.548
170 -728.548
171 -728.548
172 -728.548
173 -728.548
174 -728.548
175 -728.548
176 -728.548
177 -728.548
178 -728.548
179 -728.548
180 -728.548
181 -728.548
182 -438.475
183 -438.475
184 -438.475
185 -438.475
186 -438.475
187 -438.475
188 -438.475
189 -438.475
190 -438.475
191 -438.475
192 -438.475
193 -438.475
194 -438.475
195 -438.475
196 -438.475
197 -438.475
198 -438.475
199 -438.475
200 -438.475
201 -438.475
202 -438.475
203 -438.475
204 -438.475
205 -438.475
206 -438.475
207 -438.475
208 -438.475
209 -438.475
210 -438.475
211 -438.475
212 -438.475
213 -438.475
214 -438.475
215 -438.475
216 -438.475
217 -438.475
218 -438.475
219 -438.475
220 -438.475
221 -438.475
222 -69.3027
223 -69.3027
224 -69.3027
225 -69.3027
226 -69.3027
227 -69.3027
228 -69.3027
229 -33.6953
230 -33.6953
231 -33.6953
232 -33.6953
233 -33.6953
234 -33.6953
235 -33.6953
236 -33.6953
237 -33.6953
238 -33.6953
239 -33.6953
240 -33.6953
241 -33.6953
242 -33.6953
243 -33.6953
244 -33.6953
245 -33.6953
246 -33.6953
247 -33.6953
248 -33.6953
249 -33.6953
250 -33.6953
251 -33.6953
252 -33.6953
253 -33.6953
254 -33.6953
255 -33.6953
256 -33.6953
257 -33.6953
258 -33.6953
259 -33.6953
260 -33.6953
261 -33.6953
262 -33.6953
263 -33.6953
264 -33.6953
265 -33.6953
266 -33.6953
267 -33.6953
268 -33.6953
269 -33.6953
270 -33.6953
271 -33.6953
272 -33.6953
273 -33.6953
274 -33.6953
275 -33.6953
276 -33.6953
277 -33.6953
278 -33.6953
279 -33.6953
280 -33.6953
281 -33.6953
282 -33.6953
283 -33.6953
284 -33.6953
285 -33.6953
286 -33.6953
287 -33.6953
288 -33.6953
289 -33.6953
290 -33.6953
291 -33.6953
292 -33.6953
293 -33.6953
294 -33.6953
295 -33.6953
296 -33.6953
297 -33.6953
298 -33.6953
299 -33.6953
300 -33.6953
301 -33.6953
302 -33.6953
303 -33.6953
304 -33.6953
305 -33.6953
306 -33.6953
307 -33.6953
308 -33.6953
309 -33.6953
310 -33.6953
311 -33.6953
312 -33.6953
313 -33.6953
314 -33.6953
315 -33.6953
316 -33.6953
317 -33.6953
318 -33.6953
319 -33.6953
320 -33.6953
321 -33.6953
322 -33.6953
323 -33.6953
324 -33.6953
325 -33.6953
326 -33.6953
327 -33.6953
328 -33.6953
329 -33.6953
330 -33.6953
331 -33.6953
332 -33.6953
333 -33.6953
334 -33.6953
335 -33.6953
336 -33.6953
337 -33.6953
338 -33.6953
339 -33.6953
340 -33.6953
341 -33.6953
342 -33.6953
343 -33.6953
344 -33.6953
345 -33.6953
346 -33.6953
347 -33.6953
348 -33.6953
349 -33.6953
350 -33.6953
351 -33.6953
352 -33.6953
353 -33.6953
354 -33.6953
355 -33.6953
356 -33.6953
357 -33.6953
358 -33.6953
359 -33.6953
360 -33.6953
361 -33.6953
362 -33.6953
363 -33.6953
364 -33.6953
365 -33.6953
366 -33.6953
367 -33.6953
368 -33.6953
369 -33.6953
370 -13.8694
371 -13.8694
372 -13.7522
373 -13.7522
374 -13.7522
375 -13.7522
376 -13.7522
377 -13.7522
378 -13.7522
379 -13.7522
380 -13.7522
381 -13.7522
382 -13.7522
383 -13.7522
384 -13.7522
385 -13.7522
386 -13.7522
387 -13.7522
388 -13.7522
389 -13.7522
390 -13.7522
391 -13.7522
392 -13.7522
393 -13.7522
394 -13.7522
395 -13.7522
396 -13.7522
397 -13.7522
398 -13.7522
399 -13.7522
400 -13.7522
401 -13.7522
402 -13.7522
403 -13.7522
404 -13.7522
405 -13.7522
406 -13.7522
407 -13.7522
408 -13.7522
409 -13.7522
410 -13.7522
411 -13.7522
412 -13.7522
413 -13.7522
414 -13.7522
415 -13.7522
416 -13.7522
417 -13.7522
418 -13.7522
419 -13.7522
420 -13.7522
421 -13.7522
422 -13.7522
423 -13.7522
424 -13.7522
425 -13.7522
426 -13.7522
427 -13.7522
428 -13.7522
429 -13.7522
430 -13.7522
431 -13.7522
432 -13.7522
433 -13.7522
434 -11.187
435 -11.187
436 -11.187
437 -11.187
438 -11.187
439 -11.187
440 -11.187
441 -11.187
442 -11.187
443 -11.187
444 -10.6555
445 -10.6555
446 -10.6555
447 -10.6555
448 -10.6555
449 -10.6555
450 -10.6555
451 -10.6555
452 -10.6555
453 -10.6555
454 -10.6555
455 -10.6555
456 -10.6555
457 -10.6555
458 -10.6555
459 -10.6555
460 -10.6555
461 -10.6555
462 -10.6555
463 -10.6555
464 -10.6555
465 -10.6555
466 -10.6555
467 -10.6555
468 -10.6555
469 -10.6555
470 -10.6555
471 -10.6555
472 -10.6555
473 -10.6555
474 -10.6555
475 -10.6555
476 -10.6555
477 -10.6555
478 -10.6555
479 -10.6555
480 -10.4967
481 -10.4967
482 -10.4967
483 -10.4967
484 -10.4967
485 -10.4967
486 -10.4967
487 -10.4967
488 -10.4967
489 -10.4967
490 -10.4967
491 -10.4967
492 -9.74025
493 -9.74025
494 -9.74025
495 -9.74025
496 -9.74025
497 -9.74025
498 -9.74025
499 -9.74025
500 -9.74025
501 -9.74025
502 -9.74025
503 -9.74025
504 -9.74025
505 -9.74025
506 -9.74025
507 -9.74025
508 -9.74025
509 -9.74025
510 -9.74025
511 -9.74025
512 -9.74025
513 -9.74025
514 -9.74025
515 -9.74025
516 -9.74025
517 -9.74025
518 -9.74025
519 -9.74025
520 -9.69734
521 -9.69734
522 -9.69734
523 -9.69734
524 -9.69734
525 -9.69734
526 -9.69734
527 -9.69734
528 -9.69734
529 -9.69734
530 -9.69734
531 -9.69734
532 -9.69734
533 -9.69734
534 -9.69734
535 -9.69734
536 -9.69734
537 -9.69734
538 -9.69734
539 -9.69734
540 -9.69734
541 -9.69734
542 -9.69734
543 -9.69734
544 -9.69734
545 -9.69734
546 -9.69734
547 -9.69734
548 -9.69734
549 -9.69734
550 -9.69734
551 -9.69734
552 -9.69734
553 -9.69734
554 -9.69734
555 -9.69734
556 -9.69734
557 -9.69734
558 -9.69734
559 -9.69734
560 -9.69734
561 -9.69734
562 -9.69734
563 -9.69734
564 -9.69734
565 -9.6519
566 -9.6519
567 -9.6519
568 -9.6519
569 -9.6519
570 -9.6519
571 -9.6519
572 -9.6519
573 -9.6519
574 -9.6519
575 -9.6519
576 -9.6519
577 -9.6519
578 -9.6519
579 -9.6519
580 -9.6519
581 -9.6519
582 -9.6519
583 -9.6519
584 -9.6519
585 -9.6519
586 -9.6519
587 -9.6519
588 -9.6519
589 -9.6519
590 -9.6519
591 -9.6519
592 -9.6519
593 -9.6519
594 -9.6519
595 -9.6519
596 -9.6519
597 -9.6519
598 -9.6519
599 -9.6519
600 -9.6519
601 -9.6519
602 -9.6519
603 -9.6519
604 -9.6519
605 -9.6519
606 -9.6519
607 -9.6519
608 -9.6519
609 -9.6519
610 -9.6519
611 -9.6519
612 -9.6519
613 -9.6519
614 -9.6519
615 -9.6519
616 -9.6519
617 -9.6519
618 -9.6519
619 -9.59873
620 -9.59873
621 -9.59873
622 -9.59873
623 -9.59873
624 -9.59873
625 -9.59873
626 -9.59873
627 -9.59873
628 -9.59873
629 -9.59873
630 -9.59873
631 -9.59873
632 -9.59873
633 -9.59873
634 -9.59873
635 -9.59873
636 -9.59873
637 -9.59873
638 -9.59873
639 -9.59873
640 -9.59873
641 -9.59873
642 -9.59873
643 -9.59873
644 -9.59873
645 -9.59873
646 -9.59873
647 -9.59873
648 -9.59873
649 -9.59873
650 -9.59873
651 -9.59873
652 -9.59873
653 -9.59873
654 -9.59873
655 -9.59873
656 -9.59873
657 -9.59873
658 -9.59873
659 -9.59873
660 -9.59873
661 -9.59873
662 -9.59873
663 -9.59873
664 -9.59873
665 -9.59873
666 -9.59873
667 -9.59873
668 -9.59873
669 -9.59873
670 -9.59873
671 -9.59873
672 -9.59873
673 -9.59873
674 -9.59873
675 -9.59873
676 -9.59873
677 -9.59873
678 -9.59873
679 -9.59873
680 -9.59873
681 -9.59873
682 -9.59873
683 -9.59873
684 -9.59873
685 -9.59873
686 -9.59873
687 -9.59873
688 -9.59873
689 -9.59873
690 -9.59873
691 -9.59873
692 -9.59222
693 -9.59222
694 -9.59222
695 -9.59222
696 -9.59222
697 -9.59222
698 -9.59222
699 -9.5762
700 -9.5762
701 -9.5762
702 -9.5762
703 -9.5762
704 -9.5762
705 -9.5762
706 -9.5762
707 -9.5762
708 -9.5762
709 -9.5762
710 -9.5762
711 -9.5762
712 -9.5762
713 -9.5762
714 -9.5762
715 -9.5762
716 -9.5762
717 -9.5762
718 -9.5762
719 -9.5762
720 -9.5762
721 -9.5762
722 -9.5762
723 -9.5762
724 -9.5762
725 -9.5762
726 -9.5762
727 -9.56222
728 -9.56222
729 -9.56222
730 -9.56222
731 -9.55701
732 -9.55701
733 -9.55701
734 -9.55701
735 -9.55701
736 -9.53508
737 -9.53508
738 -9.53508
739 -9.53508
740 -9.53508
741 -9.53508
742 -9.53508
743 -9.53508
744 -9.53508
745 -9.53508
746 -9.53508
747 -9.53508
748 -9.53508
749 -9.53508
750 -9.53508
751 -9.53508
752 -9.53508
753 -9.53508
754 -9.53508
755 -9.53508
756 -9.53508
757 -9.53508
758 -9.53508
759 -9.53508
760 -9.53508
761 -9.53508
762 -9.52989
763 -9.52989
764 -9.52989
765 -9.52989
766 -9.52989
767 -9.52989
768 -9.52989
769 -9.52989
770 -9.52989
771 -9.52989
772 -9.52211
773 -9.52211
774 -9.52211
775 -9.52211
776 -9.52211
777 -9.52211
778 -9.52211
779 -9.52211
780 -9.52211
781 -9.52211
782 -9.52211
783 -9.52211
784 -9.52211
785 -9.52211
786 -9.52211
787 -9.52211
788 -9.52211
789 -9.52211
790 -9.51979
791 -9.51979
792 -9.51979
793 -9.51979
794 -9.51979
795 -9.51979
796 -9.51979
797 -9.51979
798 -9.51979
799 -9.47207
800 -9.47207
801 -9.47207
802 -9.47207
803 -9.47207
804 -9.47207
805 -9.47207
806 -9.47207
807 -9.47207
808 -9.47207
809 -9.47207
810 -9.47207
811 -9.47207
812 -9.47207
813 -9.47207
814 -9.47207
815 -9.47207
816 -9.47207
817 -9.47207
818 -9.47207
819 -9.47207
820 -9.47207
821 -9.47207
822 -9.47207
823 -9.47207
824 -9.47207
825 -9.47207
826 -9.47207
827 -9.47207
828 -9.47207
829 -9.47207
830 -9.47207
831 -9.47207
832 -9.47207
833 -9.47207
834 -9.47207
835 -9.47207
836 -9.47207
837 -9.47207
838 -9.47207
839 -9.47207
840 -9.47207
841 -9.47207
842 -9.47207
843 -9.47207
844 -9.47207
845 -9.47207
846 -9.47207
847 -9.47207
848 -9.47207
849 -9.47207
850 -9.47207
851 -9.47207
852 -9.47207
853 -9.47207
854 -9.47207
855 -9.47207
856 -9.47207
857 -9.47207
858 -9.47207
859 -9.47207
860 -9.47207
861 -9.47207
862 -9.47207
863 -9.47207
864 -9.47207
865 -9.47207
866 -9.47207
867 -9.47207
868 -9.47207
869 -9.47207
870 -9.47207
871 -9.47207
872 -9.47207
873 -9.47207
874 -9.47207
875 -9.47207
876 -9.46878
877 -9.46878
878 -9.46878
879 -9.46878
880 -9.46878
881 -9.46878
882 -9.46878
883 -9.46878
884 -9.46878
885 -9.46335
886 -9.46335
887 -9.46335
888 -9.46335
889 -9.46335
890 -9.46335
891 -9.46335
892 -9.46335
893 -9.46335
894 -9.46335
895 -9.46335
896 -9.46335
897 -9.46335
898 -9.46335
899 -9.46335
900 -9.46244
901 -9.46244
902 -9.46244
903 -9.46244
904 -9.46244
905 -9.46244
906 -9.46244
907 -9.46244
908 -9.46244
909 -9.46244
910 -9.46244
911 -9.46244
912 -9.46244
913 -9.46244
914 -9.46244
915 -9.46244
916 -9.46244
917 -9.46244
918 -9.46244
919 -9.46244
920 -9.46244
921 -9.46244
922 -9.46244
923 -9.46244
924 -9.46006
925 -9.46006
926 -9.46006
927 -9.46006
928 -9.46006
929 -9.46006
930 -9.46006
931 -9.46006
932 -9.46006
933 -9.46006
934 -9.46006
935 -9.46006
936 -9.46006
937 -9.46006
938 -9.46006
939 -9.46006
940 -9.46006
941 -9.46006
942 -9.46006
943 -9.46006
944 -9.46006
945 -9.46006
946 -9.46006
947 -9.46006
948 -9.46006
949 -9.46006
950 -9.46006
951 -9.46006
952 -9.46006
953 -9.46006
954 -9.46006
955 -9.46006
956 -9.46006
957 -9.44972
958 -9.44972
959 -9.44972
960 -9.44972
961 -9.44972
962 -9.44972
963 -9.44972
964 -9.44972
965 -9.44972
966 -9.44972
967 -9.44972
968 -9.44972
969 -9.44972
970 -9.44972
971 -9.44972
972 -9.44972
973 -9.44972
974 -9.44972
975 -9.44972
976 -9.44972
977 -9.44972
978 -9.44972
979 -9.44972
980 -9.44972
981 -9.44972
982 -9.44972
983 -9.44972
984 -9.44972
985 -9.44972
986 -9.44972
987 -9.44972
988 -9.44972
989 -9.44972
990 -9.44366
991 -9.44366
992 -9.44366
993 -9.44366
994 -9.44366
995 -9.44366
996 -9.44366
997 -9.44366
998 -9.44366
999 -9.44366
