0 -3605.68
1 -3605.68
2 -3605.68
3 -3605.68
4 -3605.68
5 -3605.68
6 -3605.68
7 -3605.68
8 -3605.68
9 -3605.68
10 -3605.68
11 -3605.68
12 -3605.68
13 -3605.68
14 -3605.68
15 -3605.68
16 -3605.68
17 -3605.68
18 -3605.68
19 -3605.68
20 -3605.68
21 -3605.68
22 -3605.68
23 -3605.68
24 -3605.68
25 -3605.68
26 -3605.68
27 -3605.68
28 -3605.68
29 -3605.68
30 -3605.68
31 -3605.68
32 -3605.68
33 -3605.68
34 -3605.68
35 -3365.12
36 -3365.12
37 -3365.12
38 -3365.12
39 -3365.12
40 -3365.12
41 -3212.22
42 -3212.22
43 -3212.22
44 -3212.22
45 -3212.22
46 -3212.22
47 -3212.22
48 -3212.22
49 -2941.87
50 -2941.87
51 -2941.87
52 -2941.87
53 -2941.87
54 -2941.87
55 -1779.71
56 -1779.71
57 -1779.71
58 -1779.71
59 -1779.71
60 -1779.71
61 -1779.71
62 -1779.71
63 -1121.97
64 -1121.97
65 -1121.97
66 -1121.97
67 -1121.97
68 -1121.97
69 -1121.97
70 -1121.97
71 -1121.97
72 -1121.97
73 -1121.97
74 -1121.97
75 -1121.97
76 -1121.97
77 -1121.97
78 -1121.97
79 -1121.97
80 -1121.97
81 -1121.97
82 -1121.97
83 -1121.97
84 -1121.97
85 -1121.97
86 -714.765
87 -714.765
88 -714.765
89 -714.765
90 -714.765
91 -714.765
92 -714.765
93 -448.455
94 -448.455
95 -448.455
96 -448.455
97 -448.455
98 -448.455
99 -448.455
100 -448.455
101 -448.455
102 -448.455
103 -448.455
104 -448.455
105 -448.455
106 -448.455
107 -448.455
108 -448.455
109 -448.455
110 -448.455
111 -448.455
112 -448.455
113 -446.687
114 -432.691
115 -432.691
116 -412.551
117 -412.551
118 -412.551
119 -412.551
120 -412.551
121 -412.551
122 -400.077
123 -400.077
124 -400.077
125 -400.077
126 -400.077
127 -166.634
128 -166.634
129 -166.634
130 -166.634
131 -166.634
132 -166.634
133 -166.634
134 -166.634
135 -166.634
136 -166.634
137 -166.634
138 -166.634
139 -166.634
140 -166.634
141 -166.634
142 -166.634
143 -166.634
144 -166.634
145 -166.634
146 -166.634
147 -166.634
148 -144.546
149 -144.546
150 -144.546
151 -144.546
152 -144.546
153 -144.546
154 -144.546
155 -144.546
156 -112.976
157 -112.976
158 -112.976
159 -112.976
160 -112.976
161 -112.976
162 -112.976
163 -112.976
164 -112.976
165 -112.976
166 -112.976
167 -98.6405
168 -98.6405
169 -98.6405
170 -98.6405
171 -98.6405
172 -98.6405
173 -98.6405
174 -98.6405
175 -98.6405
176 -98.6405
177 -77.8518
178 -77.8518
179 -77.8518
180 -77.8518
181 -77.8518
182 -77.8518
183 -77.8518
184 -77.8518
185 -77.8518
186 -77.8518
187 -77.8518
188 -77.8518
189 -77.8518
190 -77.8518
191 -57.0445
192 -57.0445
193 -57.0445
194 -57.0445
195 -52.4652
196 -52.4652
197 -52.4652
198 -52.4652
199 -52.4652
200 -48.7821
201 -48.7821
202 -43.1024
203 -37.3653
204 -37.3653
205 -37.3653
206 -37.3653
207 -37.3653
208 -37.3653
209 -37.3653
210 -22.2734
211 -22.2734
212 -22.2734
213 -22.2734
214 -22.2734
215 -22.2734
216 -22.2734
217 -22.2734
218 -17.7359
219 -17.7359
220 -17.7359
221 -17.7359
222 -17.7359
223 -17.7359
224 -17.7359
225 -17.7359
226 -17.7359
227 -17.7359
228 -17.7359
229 -17.7359
230 -17.7359
231 -17.7359
232 -17.7359
233 -17.7359
234 -10.9049
235 -10.9049
236 -10.9049
237 -10.9049
238 -10.9049
239 -10.9049
240 -10.9049
241 -10.9049
242 -10.9049
243 -10.9049
244 -10.9049
245 -10.9049
246 -10.9049
247 -10.9049
248 -10.9049
249 -10.9049
250 -10.9049
251 -10.9049
252 -10.9049
253 -10.9049
254 -10.9049
255 -10.9049
256 -10.8587
257 -10.8587
258 -10.8587
259 -10.8587
260 -10.8587
261 -10.8587
262 -10.8587
263 -10.8587
264 -10.8587
265 -10.8587
266 -10.6746
267 -10.6746
268 -10.6746
269 -10.6746
270 -10.6746
271 -10.6746
272 -10.6746
273 -10.6746
274 -10.6746
275 -10.6746
276 -10.6746
277 -10.2663
278 -10.2663
279 -10.2663
280 -10.2663
281 -10.2663
282 -10.2663
283 -10.2663
284 -10.2663
285 -10.2663
286 -10.2663
287 -10.2663
288 -10.2663
289 -9.95684
290 -9.95684
291 -9.95684
292 -9.95684
293 -9.95684
294 -9.95684
295 -9.95684
296 -9.69044
297 -9.67219
298 -9.67219
299 -9.67219
300 -9.67219
301 -9.67219
302 -9.67219
303 -9.67219
304 -9.67219
305 -9.67219
306 -9.66947
307 -9.66947
308 -9.66947
309 -9.66947
310 -9.66947
311 -9.66947
312 -9.66947
313 -9.66947
314 -9.66947
315 -9.66947
316 -9.66947
317 -9.66947
318 -9.66947
319 -9.66947
320 -9.66947
321 -9.66947
322 -9.66947
323 -9.66947
324 -9.66947
325 -9.66947
326 -9.66947
327 -9.66947
328 -9.66947
329 -9.66947
330 -9.66947
331 -9.66947
332 -9.66947
333 -9.66947
334 -9.65242
335 -9.65242
336 -9.65242
337 -9.65242
338 -9.65242
339 -9.65242
340 -9.65242
341 -9.65242
342 -9.65242
343 -9.65242
344 -9.65242
345 -9.65242
346 -9.65242
347 -9.65242
348 -9.65242
349 -9.65242
350 -9.65242
351 -9.65242
352 -9.65242
353 -9.65242
354 -9.65242
355 -9.65242
356 -9.65242
357 -9.65242
358 -9.65242
359 -9.65242
360 -9.65242
361 -9.65242
362 -9.65242
363 -9.65242
364 -9.65242
365 -9.65242
366 -9.65242
367 -9.65242
368 -9.65242
369 -9.65242
370 -9.65242
371 -9.65242
372 -9.65242
373 -9.65242
374 -9.65242
375 -9.65242
376 -9.65242
377 -9.65242
378 -9.65242
379 -9.64213
380 -9.64213
381 -9.64213
382 -9.64213
383 -9.64213
384 -9.64213
385 -9.64213
386 -9.64213
387 -9.64213
388 -9.64213
389 -9.64213
390 -9.64213
391 -9.64213
392 -9.63424
393 -9.59629
394 -9.59629
395 -9.59629
396 -9.59629
397 -9.59629
398 -9.59629
399 -9.59629
400 -9.59629
401 -9.59629
402 -9.59629
403 -9.59629
404 -9.59629
405 -9.59629
406 -9.59629
407 -9.59629
408 -9.59629
409 -9.59629
410 -9.56639
411 -9.56639
412 -9.56639
413 -9.56639
414 -9.56639
415 -9.56639
416 -9.56639
417 -9.56639
418 -9.56639
419 -9.56639
420 -9.56639
421 -9.56639
422 -9.56639
423 -9.56639
424 -9.56639
425 -9.56639
426 -9.56639
427 -9.56639
428 -9.56639
429 -9.56639
430 -9.56639
431 -9.56639
432 -9.56639
433 -9.56639
434 -9.56639
435 -9.56639
436 -9.56639
437 -9.56639
438 -9.45133
439 -9.45133
440 -9.45133
441 -9.45133
442 -9.45133
443 -9.45133
444 -9.45133
445 -9.45133
446 -9.45133
447 -9.45133
448 -9.45133
449 -9.45133
450 -9.45133
451 -9.45133
452 -9.45133
453 -9.45133
454 -9.45133
455 -9.45133
456 -9.45133
457 -9.45133
458 -9.45133
459 -9.45133
460 -9.45133
461 -9.45133
462 -9.45133
463 -9.45133
464 -9.45133
465 -9.45133
466 -9.45133
467 -9.45133
468 -9.45133
469 -9.45133
470 -9.45133
471 -9.45133
472 -9.45133
473 -9.45133
474 -9.45133
475 -9.45133
476 -9.45133
477 -9.45133
478 -9.45133
479 -9.45133
480 -9.45133
481 -9.45133
482 -9.45133
483 -9.45133
484 -9.45133
485 -9.45133
486 -9.45133
487 -9.45133
488 -9.45133
489 -9.45133
490 -9.45133
491 -9.45133
492 -9.45133
493 -9.45133
494 -9.45133
495 -9.45133
496 -9.45133
497 -9.45133
498 -9.45133
499 -9.45133
500 -9.45133
501 -9.45133
502 -9.45133
503 -9.45133
504 -9.45133
505 -9.45133
506 -9.45133
507 -9.45133
508 -9.45133
509 -9.45133
510 -9.45133
511 -9.45133
512 -9.45133
513 -9.45133
514 -9.45133
515 -9.45133
516 -9.45133
517 -9.45133
518 -9.45133
519 -9.45133
520 -9.45133
521 -9.45133
522 -9.45133
523 -9.45133
524 -9.45133
525 -9.45133
526 -9.45133
527 -9.45133
528 -9.45133
529 -9.45133
530 -9.45133
531 -9.45133
532 -9.45133
533 -9.45133
534 -9.45133
535 -9.45133
536 -9.45133
537 -9.45133
538 -9.45133
539 -9.45133
540 -9.45133
541 -9.45133
542 -9.45133
543 -9.45133
544 -9.45133
545 -9.45133
546 -9.45133
547 -9.45133
548 -9.45133
549 -9.45133
550 -9.45133
551 -9.45133
552 -9.45133
553 -9.45133
554 -9.45133
555 -9.45133
556 -9.45133
557 -9.45133
558 -9.45133
559 -9.45133
560 -9.45133
561 -9.45133
562 -9.45133
563 -9.45133
564 -9.45133
565 -9.45133
566 -9.45133
567 -9.45133
568 -9.45133
569 -9.45133
570 -9.45133
571 -9.45133
572 -9.45133
573 -9.45133
574 -9.45133
575 -9.45133
576 -9.45133
577 -9.45133
578 -9.45133
579 -9.45133
580 -9.45133
581 -9.45133
582 -9.45133
583 -9.45133
584 -9.45133
585 -9.45133
586 -9.45133
587 -9.45133
588 -9.45133
589 -9.45133
590 -9.45133
591 -9.45133
592 -9.45133
593 -9.45133
594 -9.45133
595 -9.45133
596 -9.45133
597 -9.45133
598 -9.45133
599 -9.45133
600 -9.45133
601 -9.45133
602 -9.45133
603 -9.45133
604 -9.45133
605 -9.45133
606 -9.45133
607 -9.45133
608 -9.45133
609 -9.45133
610 -9.45133
611 -9.45133
612 -9.45133
613 -9.45133
614 -9.45133
615 -9.45133
616 -9.45133
617 -9.45133
618 -9.45133
619 -9.45133
620 -9.45133
621 -9.45133
622 -9.45133
623 -9.45133
624 -9.45133
625 -9.45133
626 -9.45133
627 -9.45133
628 -9.45133
629 -9.45133
630 -9.45133
631 -9.45133
632 -9.45133
633 -9.45133
634 -9.45133
635 -9.45133
636 -9.45133
637 -9.45133
638 -9.45133
639 -9.45133
640 -9.45133
641 -9.45133
642 -9.45133
643 -9.45133
644 -9.45133
645 -9.45133
646 -9.45133
647 -9.45133
648 -9.45133
649 -9.45133
650 -9.45133
651 -9.45133
652 -9.45133
653 -9.45133
654 -9.45133
655 -9.45133
656 -9.45133
657 -9.45133
658 -9.45133
659 -9.45133
660 -9.45133
661 -9.45133
662 -9.45133
663 -9.45133
664 -9.45133
665 -9.45133
666 -9.45133
667 -9.45133
668 -9.45133
669 -9.42996
670 -9.42996
671 -9.42996
672 -9.42996
673 -9.42923
674 -9.42923
675 -9.42923
676 -9.42923
677 -9.42923
678 -9.42923
679 -9.42923
680 -9.42923
681 -9.42923
682 -9.42923
683 -9.42923
684 -9.42923
685 -9.42923
686 -9.42923
687 -9.42923
688 -9.42923
689 -9.42923
690 -9.42923
691 -9.42923
692 -9.42923
693 -9.42923
694 -9.42923
695 -9.42923
696 -9.42923
697 -9.42923
698 -9.42923
699 -9.42923
700 -9.42923
701 -9.42923
702 -9.42923
703 -9.42923
704 -9.42923
705 -9.42923
706 -9.42923
707 -9.42923
708 -9.42923
709 -9.42923
710 -9.42923
711 -9.42923
712 -9.42923
713 -9.42923
714 -9.42923
715 -9.42923
716 -9.42923
717 -9.42923
718 -9.42923
719 -9.42923
720 -9.42923
721 -9.42923
722 -9.42923
723 -9.42923
724 -9.42923
725 -9.42923
726 -9.42923
727 -9.42923
728 -9.42923
729 -9.42923
730 -9.42923
731 -9.42923
732 -9.42923
733 -9.42923
734 -9.42923
735 -9.42923
736 -9.42923
737 -9.42923
738 -9.42923
739 -9.42923
740 -9.42923
741 -9.42923
742 -9.42923
743 -9.42923
744 -9.42923
745 -9.42923
746 -9.42923
747 -9.42923
748 -9.42923
749 -9.42923
750 -9.42923
751 -9.42923
752 -9.42923
753 -9.42923
754 -9.42923
755 -9.42923
756 -9.42923
757 -9.42923
758 -9.42923
759 -9.42923
760 -9.42923
761 -9.42923
762 -9.42923
763 -9.42923
764 -9.42923
765 -9.42923
766 -9.42923
767 -9.42923
768 -9.42923
769 -9.42923
770 -9.42923
771 -9.42923
772 -9.42923
773 -9.42923
774 -9.42923
775 -9.42923
776 -9.42923
777 -9.42923
778 -9.42526
779 -9.42526
780 -9.42526
781 -9.42526
782 -9.42526
783 -9.42526
784 -9.42526
785 -9.42526
786 -9.42276
787 -9.42276
788 -9.42276
789 -9.42276
790 -9.42276
791 -9.42276
792 -9.42276
793 -9.42276
794 -9.42276
795 -9.42276
796 -9.42276
797 -9.42276
798 -9.42276
799 -9.42276
800 -9.42276
801 -9.42276
802 -9.42276
803 -9.42276
804 -9.42276
805 -9.42276
806 -9.42276
807 -9.42276
808 -9.42276
809 -9.42276
810 -9.42276
811 -9.42276
812 -9.42276
813 -9.42276
814 -9.42276
815 -9.42276
816 -9.42276
817 -9.42276
818 -9.42276
819 -9.42276
820 -9.42276
821 -9.42276
822 -9.42276
823 -9.42276
824 -9.42276
825 -9.42276
826 -9.42276
827 -9.42276
828 -9.42276
829 -9.42276
830 -9.42276
831 -9.42276
832 -9.42276
833 -9.42276
834 -9.42276
835 -9.42276
836 -9.42276
837 -9.42276
838 -9.42276
839 -9.42276
840 -9.42276
841 -9.42276
842 -9.42276
843 -9.42276
844 -9.42276
845 -9.42276
846 -9.42276
847 -9.42276
848 -9.42276
849 -9.42276
850 -9.42276
851 -9.42276
852 -9.42276
853 -9.42276
854 -9.41743
855 -9.41743
856 -9.41743
857 -9.41743
858 -9.41743
859 -9.41743
860 -9.41743
861 -9.41743
862 -9.41743
863 -9.41743
864 -9.41743
865 -9.41743
866 -9.41743
867 -9.41743
868 -9.41743
869 -9.41743
870 -9.41743
871 -9.41743
872 -9.41743
873 -9.41743
874 -9.41743
875 -9.41743
876 -9.41743
877 -9.41743
878 -9.41743
879 -9.41743
880 -9.41743
881 -9.41743
882 -9.41743
883 -9.41743
884 -9.41743
885 -9.41743
886 -9.41743
887 -9.41743
888 -9.41743
889 -9.41743
890 -9.41743
891 -9.41743
892 -9.41743
893 -9.41743
894 -9.41743
895 -9.41743
896 -9.41743
897 -9.41743
898 -9.41743
899 -9.41743
900 -9.41743
901 -9.41743
902 -9.41743
903 -9.41743
904 -9.41743
905 -9.41743
906 -9.41743
907 -9.41743
908 -9.41743
909 -9.41743
910 -9.41743
911 -9.41743
912 -9.41743
913 -9.41743
914 -9.41743
915 -9.41743
916 -9.41743
917 -9.41743
918 -9.41743
919 -9.41743
920 -9.41743
921 -9.41743
922 -9.41743
923 -9.41743
924 -9.41743
925 -9.41743
926 -9.41743
927 -9.41743
928 -9.41743
929 -9.41743
930 -9.41743
931 -9.41743
932 -9.41743
933 -9.41743
934 -9.41743
935 -9.41743
936 -9.41743
937 -9.41743
938 -9.41743
939 -9.41743
940 -9.41743
941 -9.41743
942 -9.41743
943 -9.41743
944 -9.41743
945 -9.41743
946 -9.41743
947 -9.41743
948 -9.41743
949 -9.41743
950 -9.41743
951 -9.41743
952 -9.41743
953 -9.41743
954 -9.41743
955 -9.41743
956 -9.41743
957 -9.41743
958 -9.41743
959 -9.41743
960 -9.41743
961 -9.41743
962 -9.41743
963 -9.41743
964 -9.41743
965 -9.41743
966 -9.41405
967 -9.41405
968 -9.41405
969 -9.41405
970 -9.41405
971 -9.41405
972 -9.41405
973 -9.41405
974 -9.41405
975 -9.41405
976 -9.41405
977 -9.41405
978 -9.41405
979 -9.41405
980 -9.41405
981 -9.41405
982 -9.41405
983 -9.41405
984 -9.41405
985 -9.41405
986 -9.41405
987 -9.41405
988 -9.41405
989 -9.41405
990 -9.41405
991 -9.41405
992 -9.41405
993 -9.41405
994 -9.41405
995 -9.41405
996 -9.41405
997 -9.41405
998 -9.41405
999 -9.41405
