0 -4626.03
1 -4626.03
2 -4626.03
3 -4626.03
4 -4626.03
5 -4626.03
6 -4626.03
7 -4626.03
8 -4626.03
9 -4626.03
10 -4626.03
11 -3026.76
12 -3026.76
13 -3026.76
14 -3026.76
15 -3026.76
16 -3026.76
17 -3026.76
18 -3026.76
19 -3026.76
20 -3026.76
21 -3026.76
22 -3026.76
23 -3026.76
24 -3026.76
25 -3026.76
26 -3026.76
27 -3026.76
28 -3026.76
29 -3026.76
30 -3026.76
31 -3026.76
32 -3026.76
33 -3026.76
34 -3026.76
35 -3026.76
36 -3026.76
37 -3026.76
38 -3026.76
39 -3026.76
40 -3026.76
41 -3026.76
42 -3026.76
43 -3026.76
44 -2060.66
45 -2060.66
46 -2060.66
47 -2060.66
48 -2060.66
49 -2060.66
50 -2060.66
51 -2060.66
52 -2060.66
53 -2060.66
54 -2060.66
55 -2060.66
56 -2060.66
57 -2060.66
58 -2060.66
59 -2060.66
60 -2060.66
61 -2060.66
62 -2060.66
63 -2060.66
64 -2060.66
65 -2060.66
66 -2060.66
67 -2060.66
68 -2060.66
69 -2060.66
70 -1882.72
71 -1833.6
72 -1833.6
73 -1833.6
74 -1833.6
75 -1833.6
76 -1833.6
77 -1833.6
78 -1816.8
79 -1816.8
80 -1733.76
81 -1122.19
82 -1122.19
83 -1122.19
84 -1122.19
85 -1122.19
86 -1122.19
87 -1122.19
88 -1122.19
89 -1122.19
90 -994.836
91 -994.836
92 -994.836
93 -994.836
94 -986.501
95 -986.501
96 -986.501
97 -986.501
98 -986.501
99 -558.744
100 -558.744
101 -558.744
102 -558.744
103 -558.744
104 -558.744
105 -558.744
106 -558.744
107 -558.744
108 -236.331
109 -236.331
110 -236.331
111 -236.331
112 -236.331
113 -236.331
114 -236.331
115 -236.331
116 -236.331
117 -236.331
118 -236.331
119 -236.331
120 -236.331
121 -236.331
122 -236.331
123 -236.331
124 -236.331
125 -236.331
126 -236.331
127 -236.331
128 -236.331
129 -236.331
130 -236.331
131 -236.331
132 -236.331
133 -169.403
134 -169.403
135 -169.403
136 -169.403
137 -169.403
138 -169.403
139 -169.403
140 -169.403
141 -169.403
142 -169.403
143 -169.403
144 -111.252
145 -111.252
146 -111.252
147 -111.252
148 -111.252
149 -111.252
150 -111.252
151 -111.252
152 -27.0194
153 -27.0194
154 -27.0194
155 -27.0194
156 -27.0194
157 -27.0194
158 -27.0194
159 -21.0079
160 -21.0079
161 -21.0079
162 -21.0079
163 -21.0079
164 -21.0079
165 -21.0079
166 -21.0079
167 -21.0079
168 -21.0079
169 -21.0079
170 -21.0079
171 -21.0079
172 -21.0079
173 -21.0079
174 -21.0079
175 -21.0079
176 -21.0079
177 -21.0079
178 -21.0079
179 -21.0079
180 -21.0079
181 -21.0079
182 -21.0079
183 -21.0079
184 -21.0079
185 -21.0079
186 -21.0079
187 -21.0079
188 -21.0079
189 -21.0079
190 -21.0079
191 -21.0079
192 -21.0079
193 -21.0079
194 -21.0079
195 -21.0079
196 -21.0079
197 -21.0079
198 -21.0079
199 -18.4123
200 -18.4123
201 -18.4123
202 -14.594
203 -14.594
204 -14.594
205 -14.594
206 -14.594
207 -14.594
208 -14.594
209 -13.313
210 -13.313
211 -13.313
212 -13.313
213 -13.313
214 -13.313
215 -13.313
216 -13.313
217 -13.313
218 -13.313
219 -13.313
220 -13.313
221 -13.313
222 -13.313
223 -13.313
224 -13.313
225 -13.313
226 -13.313
227 -13.313
228 -13.313
229 -13.313
230 -13.313
231 -13.313
232 -13.313
233 -13.313
234 -13.313
235 -13.313
236 -13.313
237 -13.313
238 -13.313
239 -13.313
240 -13.313
241 -13.313
242 -12.5714
243 -12.5714
244 -12.5714
245 -12.5714
246 -12.5714
247 -12.5714
248 -12.5714
249 -12.1004
250 -11.7745
251 -11.7745
252 -11.7745
253 -11.7745
254 -11.7745
255 -11.7745
256 -11.0376
257 -11.0376
258 -11.0376
259 -11.0376
260 -11.0376
261 -11.0376
262 -11.0376
263 -11.0376
264 -11.0376
265 -11.0376
266 -11.0376
267 -11.0376
268 -11.0376
269 -11.0376
270 -11.0376
271 -11.0376
272 -11.0376
273 -11.0376
274 -11.0376
275 -11.0376
276 -11.0376
277 -11.0376
278 -11.0376
279 -11.0376
280 -11.0342
281 -11.0342
282 -11.0342
283 -11.0342
284 -11.0342
285 -10.8447
286 -10.8447
287 -10.8447
288 -10.8447
289 -10.8447
290 -10.4298
291 -10.4298
292 -10.4298
293 -10.4298
294 -10.4298
295 -10.0621
296 -10.0621
297 -10.0585
298 -10.0585
299 -10.0585
300 -10.0585
301 -10.0585
302 -10.0585
303 -10.0585
304 -10.0585
305 -10.0585
306 -10.0585
307 -10.0585
308 -10.0585
309 -10.0585
310 -10.0585
311 -10.0585
312 -10.0585
313 -10.0585
314 -10.0585
315 -10.0585
316 -10.0585
317 -10.0585
318 -10.0585
319 -10.0585
320 -10.0585
321 -10.0585
322 -10.0585
323 -10.0585
324 -10.0585
325 -10.0585
326 -10.0585
327 -10.0585
328 -10.0585
329 -10.0585
330 -10.0585
331 -10.0585
332 -10.0585
333 -10.0585
334 -10.0585
335 -10.0421
336 -10.0421
337 -10.0421
338 -10.0421
339 -10.0421
340 -10.0287
341 -9.98208
342 -9.98208
343 -9.98208
344 -9.98208
345 -9.98208
346 -9.98208
347 -9.98208
348 -9.98208
349 -9.98208
350 -9.98208
351 -9.98208
352 -9.98208
353 -9.82704
354 -9.82704
355 -9.82704
356 -9.82704
357 -9.82704
358 -9.82704
359 -9.82704
360 -9.82704
361 -9.82704
362 -9.82704
363 -9.7899
364 -9.7899
365 -9.7899
366 -9.7899
367 -9.7899
368 -9.7899
369 -9.7899
370 -9.75678
371 -9.75678
372 -9.75678
373 -9.75678
374 -9.75678
375 -9.75678
376 -9.75678
377 -9.75678
378 -9.75678
379 -9.75678
380 -9.72024
381 -9.72024
382 -9.72024
383 -9.72024
384 -9.72024
385 -9.72024
386 -9.72024
387 -9.58894
388 -9.58894
389 -9.58894
390 -9.58894
391 -9.58894
392 -9.58894
393 -9.58894
394 -9.58894
395 -9.58894
396 -9.58894
397 -9.58894
398 -9.58894
399 -9.58894
400 -9.58894
401 -9.58894
402 -9.58894
403 -9.58894
404 -9.58894
405 -9.58894
406 -9.58894
407 -9.58894
408 -9.58894
409 -9.58894
410 -9.58894
411 -9.58894
412 -9.58894
413 -9.58894
414 -9.58894
415 -9.58894
416 -9.58894
417 -9.58894
418 -9.58894
419 -9.58894
420 -9.58894
421 -9.58894
422 -9.58894
423 -9.58894
424 -9.58338
425 -9.58338
426 -9.58338
427 -9.58338
428 -9.58338
429 -9.58338
430 -9.58338
431 -9.58338
432 -9.58338
433 -9.58338
434 -9.58338
435 -9.58338
436 -9.58338
437 -9.58338
438 -9.58338
439 -9.58338
440 -9.58338
441 -9.58338
442 -9.58338
443 -9.58338
444 -9.58338
445 -9.57388
446 -9.57388
447 -9.57388
448 -9.57388
449 -9.57388
450 -9.57388
451 -9.57388
452 -9.57388
453 -9.57388
454 -9.57388
455 -9.57388
456 -9.57388
457 -9.57388
458 -9.57388
459 -9.57388
460 -9.57388
461 -9.57388
462 -9.57388
463 -9.57388
464 -9.57388
465 -9.57388
466 -9.57388
467 -9.57388
468 -9.57388
469 -9.57388
470 -9.57388
471 -9.57388
472 -9.57388
473 -9.57317
474 -9.57317
475 -9.54534
476 -9.52213
477 -9.52213
478 -9.52213
479 -9.52213
480 -9.48991
481 -9.48991
482 -9.48991
483 -9.48991
484 -9.48991
485 -9.48991
486 -9.48991
487 -9.48991
488 -9.48991
489 -9.48991
490 -9.48991
491 -9.48991
492 -9.48991
493 -9.48991
494 -9.48991
495 -9.48991
496 -9.48991
497 -9.48991
498 -9.48991
499 -9.48991
500 -9.48991
501 -9.47341
502 -9.47341
503 -9.47341
504 -9.47341
505 -9.47341
506 -9.47341
507 -9.47341
508 -9.47341
509 -9.47341
510 -9.47341
511 -9.47341
512 -9.47341
513 -9.47341
514 -9.47341
515 -9.47341
516 -9.47341
517 -9.47341
518 -9.47341
519 -9.47341
520 -9.47341
521 -9.47341
522 -9.47341
523 -9.47341
524 -9.47341
525 -9.47341
526 -9.47341
527 -9.47341
528 -9.47341
529 -9.47341
530 -9.47341
531 -9.47341
532 -9.47341
533 -9.47341
534 -9.47341
535 -9.47341
536 -9.47341
537 -9.47341
538 -9.47341
539 -9.47341
540 -9.47341
541 -9.47341
542 -9.47341
543 -9.47341
544 -9.47341
545 -9.47341
546 -9.47341
547 -9.47341
548 -9.47341
549 -9.47341
550 -9.47341
551 -9.47341
552 -9.47341
553 -9.47341
554 -9.47341
555 -9.47341
556 -9.47341
557 -9.47341
558 -9.47341
559 -9.47341
560 -9.47341
561 -9.47341
562 -9.47341
563 -9.47341
564 -9.47341
565 -9.47341
566 -9.47341
567 -9.47341
568 -9.47341
569 -9.47341
570 -9.47341
571 -9.47341
572 -9.47341
573 -9.47341
574 -9.47341
575 -9.47341
576 -9.47341
577 -9.47341
578 -9.47341
579 -9.47341
580 -9.47341
581 -9.47341
582 -9.47341
583 -9.47341
584 -9.47341
585 -9.47341
586 -9.47341
587 -9.47341
588 -9.47341
589 -9.47341
590 -9.47341
591 -9.47341
592 -9.47341
593 -9.47341
594 -9.47341
595 -9.47341
596 -9.47341
597 -9.47341
598 -9.47341
599 -9.47341
600 -9.47341
601 -9.47341
602 -9.47341
603 -9.47341
604 -9.47341
605 -9.47341
606 -9.47341
607 -9.47045
608 -9.45997
609 -9.45178
610 -9.45178
611 -9.45178
612 -9.45178
613 -9.45178
614 -9.45178
615 -9.45178
616 -9.45178
617 -9.45178
618 -9.45178
619 -9.45178
620 -9.45178
621 -9.45178
622 -9.45178
623 -9.45178
624 -9.45178
625 -9.45178
626 -9.45178
627 -9.45178
628 -9.45178
629 -9.45178
630 -9.45178
631 -9.45178
632 -9.45178
633 -9.45178
634 -9.45178
635 -9.45178
636 -9.45178
637 -9.45178
638 -9.45178
639 -9.45178
640 -9.45178
641 -9.45178
642 -9.45178
643 -9.45178
644 -9.45178
645 -9.45178
646 -9.45178
647 -9.45178
648 -9.45178
649 -9.45178
650 -9.45178
651 -9.45178
652 -9.45178
653 -9.45178
654 -9.45178
655 -9.45178
656 -9.45178
657 -9.45178
658 -9.45178
659 -9.45178
660 -9.45178
661 -9.45178
662 -9.44693
663 -9.44693
664 -9.44693
665 -9.44693
666 -9.44693
667 -9.44693
668 -9.44693
669 -9.44693
670 -9.44693
671 -9.44693
672 -9.44693
673 -9.44693
674 -9.44693
675 -9.44693
676 -9.44693
677 -9.44693
678 -9.44693
679 -9.44693
680 -9.44693
681 -9.44693
682 -9.44693
683 -9.44693
684 -9.44693
685 -9.44693
686 -9.44693
687 -9.44693
688 -9.44693
689 -9.44693
690 -9.44693
691 -9.44693
692 -9.44693
693 -9.44693
694 -9.44693
695 -9.44693
696 -9.44693
697 -9.44693
698 -9.44693
699 -9.44693
700 -9.44693
701 -9.44693
702 -9.44693
703 -9.44693
704 -9.44693
705 -9.44693
706 -9.44693
707 -9.44187
708 -9.44187
709 -9.44187
710 -9.44187
711 -9.44187
712 -9.44187
713 -9.44187
714 -9.44187
715 -9.44187
716 -9.44187
717 -9.44088
718 -9.44088
719 -9.44088
720 -9.44088
721 -9.44088
722 -9.44088
723 -9.44088
724 -9.44088
725 -9.44088
726 -9.44088
727 -9.44088
728 -9.44088
729 -9.44088
730 -9.44088
731 -9.44013
732 -9.44013
733 -9.44013
734 -9.44013
735 -9.44013
736 -9.44013
737 -9.44013
738 -9.44013
739 -9.44013
740 -9.44013
741 -9.43222
742 -9.43222
743 -9.43222
744 -9.43222
745 -9.43222
746 -9.43222
747 -9.43222
748 -9.43222
749 -9.43222
750 -9.43222
751 -9.43222
752 -9.43222
753 -9.43222
754 -9.43222
755 -9.43222
756 -9.43222
757 -9.43222
758 -9.43222
759 -9.43222
760 -9.43222
761 -9.43222
762 -9.43222
763 -9.43222
764 -9.42916
765 -9.42916
766 -9.42916
767 -9.42916
768 -9.42916
769 -9.42916
770 -9.4273
771 -9.4273
772 -9.4273
773 -9.4273
774 -9.4273
775 -9.4273
776 -9.4273
777 -9.4273
778 -9.4273
779 -9.4273
780 -9.4273
781 -9.4273
782 -9.4273
783 -9.4273
784 -9.4273
785 -9.4273
786 -9.4273
787 -9.4273
788 -9.4273
789 -9.4273
790 -9.4273
791 -9.4273
792 -9.4273
793 -9.4273
794 -9.4273
795 -9.4273
796 -9.4273
797 -9.4273
798 -9.4273
799 -9.4273
800 -9.4273
801 -9.4273
802 -9.4273
803 -9.4273
804 -9.4273
805 -9.4273
806 -9.4273
807 -9.4273
808 -9.4273
809 -9.4273
810 -9.4273
811 -9.4273
812 -9.4273
813 -9.4273
814 -9.4273
815 -9.4273
816 -9.4273
817 -9.4273
818 -9.4273
819 -9.4273
820 -9.4273
821 -9.4273
822 -9.4273
823 -9.4273
824 -9.4273
825 -9.4273
826 -9.4273
827 -9.4273
828 -9.4273
829 -9.4273
830 -9.4273
831 -9.4273
832 -9.4273
833 -9.4273
834 -9.4273
835 -9.4273
836 -9.4273
837 -9.4273
838 -9.4273
839 -9.4273
840 -9.4273
841 -9.4273
842 -9.4273
843 -9.4273
844 -9.4273
845 -9.4273
846 -9.4273
847 -9.4273
848 -9.4273
849 -9.4273
850 -9.4273
851 -9.4273
852 -9.4273
853 -9.4273
854 -9.4273
855 -9.4273
856 -9.4273
857 -9.4273
858 -9.4273
859 -9.4273
860 -9.4273
861 -9.4273
862 -9.4273
863 -9.4273
864 -9.4273
865 -9.4273
866 -9.4273
867 -9.4273
868 -9.4273
869 -9.4273
870 -9.4273
871 -9.4273
872 -9.4273
873 -9.4273
874 -9.4273
875 -9.4273
876 -9.4273
877 -9.4273
878 -9.4273
879 -9.4273
880 -9.4273
881 -9.4273
882 -9.4273
883 -9.4273
884 -9.4273
885 -9.4273
886 -9.4273
887 -9.4273
888 -9.4273
889 -9.4273
890 -9.4273
891 -9.4273
892 -9.4273
893 -9.4273
894 -9.4273
895 -9.4273
896 -9.4273
897 -9.4273
898 -9.4273
899 -9.4273
900 -9.4273
901 -9.4273
902 -9.4273
903 -9.4273
904 -9.4273
905 -9.4273
906 -9.4273
907 -9.4273
908 -9.4273
909 -9.4273
910 -9.4273
911 -9.4273
912 -9.4273
913 -9.4273
914 -9.4273
915 -9.4273
916 -9.4273
917 -9.4273
918 -9.4273
919 -9.4273
920 -9.4273
921 -9.4273
922 -9.4273
923 -9.4273
924 -9.4273
925 -9.4273
926 -9.4273
927 -9.42485
928 -9.42485
929 -9.42485
930 -9.42485
931 -9.42485
932 -9.42485
933 -9.42485
934 -9.42485
935 -9.42485
936 -9.42485
937 -9.42485
938 -9.42485
939 -9.42485
940 -9.42485
941 -9.42485
942 -9.42485
943 -9.42485
944 -9.42485
945 -9.42485
946 -9.42485
947 -9.42485
948 -9.42485
949 -9.42485
950 -9.42485
951 -9.42485
952 -9.42485
953 -9.42485
954 -9.42485
955 -9.42485
956 -9.42485
957 -9.42485
958 -9.42485
959 -9.42485
960 -9.42485
961 -9.42485
962 -9.42485
963 -9.42485
964 -9.42485
965 -9.42046
966 -9.42046
967 -9.42046
968 -9.42046
969 -9.42046
970 -9.42046
971 -9.42046
972 -9.42046
973 -9.42046
974 -9.42046
975 -9.42046
976 -9.42046
977 -9.42046
978 -9.42046
979 -9.42046
980 -9.42046
981 -9.42046
982 -9.42046
983 -9.42046
984 -9.42046
985 -9.42046
986 -9.42046
987 -9.42046
988 -9.42046
989 -9.42046
990 -9.42046
991 -9.42046
992 -9.42046
993 -9.42046
994 -9.42046
995 -9.42046
996 -9.42046
997 -9.42046
998 -9.42046
999 -9.42046
