0 -5098.02
1 -5098.02
2 -5098.02
3 -5098.02
4 -5098.02
5 -5098.02
6 -5098.02
7 -5098.02
8 -5098.02
9 -5098.02
10 -5098.02
11 -5098.02
12 -5098.02
13 -5098.02
14 -5098.02
15 -5098.02
16 -5098.02
17 -5098.02
18 -5098.02
19 -5098.02
20 -5098.02
21 -5098.02
22 -5098.02
23 -5098.02
24 -5098.02
25 -5098.02
26 -4364.78
27 -4364.78
28 -4364.78
29 -4364.78
30 -4364.78
31 -4364.78
32 -4364.78
33 -3788.71
34 -3399.6
35 -3399.6
36 -3399.6
37 -3399.6
38 -3399.6
39 -3399.6
40 -2884.26
41 -2884.26
42 -2884.26
43 -2884.26
44 -2884.26
45 -1278.69
46 -1278.69
47 -1278.69
48 -1278.69
49 -1278.69
50 -1278.69
51 -1278.69
52 -1278.69
53 -1278.69
54 -1278.69
55 -1278.69
56 -1278.69
57 -1278.69
58 -1278.69
59 -1278.69
60 -1278.69
61 -1065.22
62 -1065.22
63 -1065.22
64 -1065.22
65 -1065.22
66 -1065.22
67 -1065.22
68 -1065.22
69 -1065.22
70 -1065.22
71 -1065.22
72 -1065.22
73 -1065.22
74 -1065.22
75 -1065.22
76 -1065.22
77 -1065.22
78 -1065.22
79 -1065.22
80 -1065.22
81 -1065.22
82 -1065.22
83 -1065.22
84 -1065.22
85 -1065.22
86 -1065.22
87 -683.977
88 -683.977
89 -683.977
90 -683.977
91 -683.977
92 -683.977
93 -683.977
94 -683.977
95 -683.977
96 -683.977
97 -683.977
98 -683.977
99 -683.977
100 -515.887
101 -515.887
102 -515.887
103 -515.887
104 -510.372
105 -510.372
106 -510.372
107 -510.372
108 -510.372
109 -510.372
110 -510.372
111 -434.842
112 -434.842
113 -434.842
114 -434.842
115 -434.842
116 -394.558
117 -394.558
118 -394.558
119 -146.277
120 -146.277
121 -146.277
122 -146.277
123 -146.277
124 -146.277
125 -146.277
126 -146.277
127 -146.277
128 -146.277
129 -146.277
130 -146.277
131 -146.277
132 -146.277
133 -115.201
134 -115.201
135 -115.201
136 -115.201
137 -115.201
138 -115.201
139 -82.7244
140 -82.7244
141 -82.7244
142 -82.7244
143 -82.7244
144 -82.7244
145 -82.7244
146 -60.8038
147 -60.8038
148 -60.8038
149 -60.8038
150 -60.8038
151 -60.8038
152 -60.8038
153 -60.8038
154 -60.8038
155 -60.8038
156 -60.8038
157 -60.8038
158 -46.3586
159 -46.3586
160 -46.3586
161 -46.3586
162 -46.3586
163 -46.3586
164 -46.3586
165 -46.3586
166 -46.3586
167 -46.3586
168 -46.3586
169 -46.3586
170 -46.3586
171 -18.1739
172 -18.1739
173 -18.1739
174 -18.1739
175 -18.1739
176 -18.1739
177 -18.1739
178 -18.1739
179 -18.1739
180 -18.1739
181 -18.1739
182 -18.1739
183 -18.1739
184 -18.1739
185 -18.1739
186 -18.1739
187 -18.1739
188 -18.1739
189 -18.1739
190 -18.1739
191 -18.1739
192 -18.1739
193 -18.1739
194 -18.1739
195 -18.1739
196 -18.1739
197 -18.1739
198 -18.1739
199 -18.1739
200 -18.1739
201 -18.1739
202 -18.1739
203 -14.4472
204 -14.4472
205 -14.4472
206 -14.4472
207 -14.4472
208 -14.4472
209 -14.4472
210 -14.4472
211 -14.4472
212 -14.4472
213 -14.4472
214 -14.4472
215 -14.4472
216 -14.4472
217 -14.4472
218 -14.4472
219 -14.4472
220 -13.465
221 -13.465
222 -13.465
223 -13.465
224 -13.465
225 -13.465
226 -13.465
227 -13.465
228 -13.465
229 -13.465
230 -13.465
231 -13.465
232 -13.465
233 -13.465
234 -13.465
235 -13.465
236 -12.0338
237 -12.0338
238 -12.0338
239 -12.0338
240 -12.0338
241 -12.0338
242 -12.0338
243 -12.0338
244 -10.5859
245 -10.5859
246 -10.5859
247 -10.5859
248 -10.5859
249 -10.5859
250 -10.5859
251 -10.5859
252 -10.5859
253 -10.5859
254 -10.5859
255 -10.5859
256 -10.5859
257 -10.5859
258 -10.5859
259 -10.5859
260 -10.5859
261 -10.5859
262 -10.5859
263 -10.5859
264 -10.5859
265 -10.5859
266 -10.5859
267 -10.5859
268 -10.5859
269 -10.5859
270 -10.5859
271 -10.5859
272 -10.5859
273 -10.5859
274 -10.5859
275 -10.5859
276 -10.5859
277 -10.5621
278 -9.90776
279 -9.90776
280 -9.90776
281 -9.90776
282 -9.64798
283 -9.64798
284 -9.64798
285 -9.64798
286 -9.64798
287 -9.64798
288 -9.64798
289 -9.64798
290 -9.64798
291 -9.64798
292 -9.64798
293 -9.64798
294 -9.64798
295 -9.64798
296 -9.64798
297 -9.64798
298 -9.64798
299 -9.64798
300 -9.64798
301 -9.64798
302 -9.64798
303 -9.64798
304 -9.64798
305 -9.64798
306 -9.64798
307 -9.64798
308 -9.64798
309 -9.64798
310 -9.64798
311 -9.64798
312 -9.64798
313 -9.64798
314 -9.64798
315 -9.64798
316 -9.64798
317 -9.64798
318 -9.64798
319 -9.64798
320 -9.64798
321 -9.64798
322 -9.64798
323 -9.64798
324 -9.64798
325 -9.64798
326 -9.64798
327 -9.64798
328 -9.64798
329 -9.64798
330 -9.64798
331 -9.64798
332 -9.64798
333 -9.64798
334 -9.64798
335 -9.64798
336 -9.64798
337 -9.64798
338 -9.64798
339 -9.64798
340 -9.64798
341 -9.64798
342 -9.64798
343 -9.64798
344 -9.64798
345 -9.64798
346 -9.64798
347 -9.64798
348 -9.64798
349 -9.64798
350 -9.64798
351 -9.64798
352 -9.64798
353 -9.64798
354 -9.64798
355 -9.64798
356 -9.64798
357 -9.64798
358 -9.64798
359 -9.64798
360 -9.64798
361 -9.64798
362 -9.64798
363 -9.64798
364 -9.64798
365 -9.64798
366 -9.64798
367 -9.64798
368 -9.64798
369 -9.64798
370 -9.64798
371 -9.64798
372 -9.64798
373 -9.64798
374 -9.64798
375 -9.64798
376 -9.64798
377 -9.64798
378 -9.64798
379 -9.64798
380 -9.64798
381 -9.64798
382 -9.61832
383 -9.61832
384 -9.61832
385 -9.61832
386 -9.61832
387 -9.61832
388 -9.61832
389 -9.61832
390 -9.61832
391 -9.61455
392 -9.61455
393 -9.61455
394 -9.61455
395 -9.61455
396 -9.61455
397 -9.61455
398 -9.61455
399 -9.61455
400 -9.61455
401 -9.61455
402 -9.61455
403 -9.61455
404 -9.61455
405 -9.61455
406 -9.61455
407 -9.61455
408 -9.61455
409 -9.61455
410 -9.61455
411 -9.61455
412 -9.61455
413 -9.61455
414 -9.61455
415 -9.61455
416 -9.61455
417 -9.61455
418 -9.61455
419 -9.61455
420 -9.61455
421 -9.553
422 -9.553
423 -9.553
424 -9.553
425 -9.553
426 -9.553
427 -9.553
428 -9.553
429 -9.553
430 -9.553
431 -9.553
432 -9.553
433 -9.553
434 -9.553
435 -9.553
436 -9.553
437 -9.553
438 -9.553
439 -9.553
440 -9.553
441 -9.553
442 -9.553
443 -9.553
444 -9.553
445 -9.553
446 -9.553
447 -9.553
448 -9.553
449 -9.553
450 -9.553
451 -9.553
452 -9.553
453 -9.553
454 -9.553
455 -9.553
456 -9.553
457 -9.553
458 -9.553
459 -9.553
460 -9.553
461 -9.553
462 -9.553
463 -9.553
464 -9.553
465 -9.553
466 -9.553
467 -9.553
468 -9.553
469 -9.553
470 -9.553
471 -9.553
472 -9.553
473 -9.553
474 -9.553
475 -9.553
476 -9.553
477 -9.553
478 -9.553
479 -9.553
480 -9.553
481 -9.553
482 -9.48808
483 -9.48808
484 -9.48808
485 -9.48808
486 -9.48808
487 -9.48808
488 -9.48808
489 -9.48808
490 -9.48808
491 -9.48808
492 -9.48808
493 -9.48808
494 -9.48808
495 -9.48808
496 -9.48808
497 -9.48808
498 -9.48808
499 -9.48808
500 -9.48808
501 -9.48808
502 -9.48808
503 -9.48808
504 -9.48808
505 -9.48808
506 -9.48808
507 -9.48808
508 -9.48808
509 -9.48808
510 -9.46701
511 -9.46701
512 -9.46701
513 -9.46701
514 -9.46701
515 -9.46701
516 -9.46701
517 -9.46701
518 -9.46701
519 -9.46701
520 -9.46701
521 -9.46701
522 -9.46701
523 -9.46701
524 -9.46701
525 -9.46701
526 -9.46701
527 -9.46701
528 -9.46701
529 -9.46701
530 -9.46701
531 -9.46701
532 -9.46701
533 -9.46701
534 -9.46701
535 -9.46701
536 -9.46701
537 -9.46701
538 -9.46701
539 -9.46701
540 -9.46701
541 -9.46701
542 -9.46701
543 -9.46701
544 -9.46701
545 -9.46701
546 -9.46701
547 -9.46701
548 -9.46701
549 -9.46701
550 -9.46701
551 -9.46701
552 -9.46701
553 -9.46701
554 -9.46701
555 -9.46701
556 -9.46701
557 -9.46701
558 -9.46701
559 -9.46701
560 -9.46701
561 -9.46701
562 -9.46701
563 -9.46701
564 -9.46701
565 -9.46701
566 -9.46701
567 -9.46701
568 -9.46701
569 -9.46701
570 -9.46701
571 -9.46701
572 -9.46701
573 -9.46701
574 -9.46701
575 -9.46701
576 -9.46701
577 -9.46701
578 -9.46701
579 -9.46701
580 -9.46701
581 -9.46701
582 -9.46701
583 -9.46701
584 -9.46701
585 -9.44902
586 -9.44902
587 -9.44902
588 -9.44902
589 -9.44902
590 -9.44902
591 -9.44902
592 -9.44902
593 -9.44902
594 -9.44902
595 -9.44902
596 -9.44902
597 -9.44902
598 -9.44902
599 -9.44902
600 -9.44902
601 -9.44902
602 -9.44902
603 -9.44902
604 -9.44902
605 -9.44902
606 -9.44902
607 -9.44902
608 -9.44902
609 -9.44902
610 -9.44902
611 -9.44902
612 -9.44902
613 -9.44902
614 -9.44902
615 -9.44902
616 -9.44902
617 -9.44902
618 -9.44902
619 -9.44902
620 -9.44902
621 -9.44902
622 -9.44902
623 -9.44902
624 -9.44902
625 -9.44902
626 -9.44902
627 -9.44902
628 -9.44902
629 -9.44902
630 -9.44902
631 -9.44902
632 -9.44902
633 -9.44902
634 -9.44902
635 -9.44902
636 -9.44902
637 -9.44902
638 -9.44902
639 -9.44902
640 -9.44902
641 -9.44902
642 -9.44902
643 -9.44902
644 -9.44902
645 -9.44902
646 -9.44902
647 -9.44902
648 -9.44902
649 -9.44902
650 -9.44902
651 -9.44902
652 -9.44902
653 -9.44902
654 -9.44902
655 -9.44902
656 -9.44902
657 -9.44902
658 -9.44902
659 -9.44902
660 -9.44902
661 -9.44902
662 -9.44902
663 -9.44902
664 -9.44902
665 -9.44902
666 -9.44902
667 -9.44902
668 -9.44466
669 -9.44466
670 -9.44466
671 -9.44466
672 -9.44466
673 -9.44338
674 -9.44338
675 -9.44338
676 -9.44338
677 -9.44338
678 -9.44338
679 -9.44338
680 -9.44338
681 -9.44338
682 -9.44338
683 -9.4308
684 -9.4308
685 -9.4308
686 -9.4308
687 -9.4308
688 -9.4308
689 -9.4308
690 -9.4308
691 -9.4308
692 -9.4308
693 -9.4308
694 -9.4308
695 -9.4308
696 -9.4308
697 -9.4308
698 -9.4308
699 -9.4308
700 -9.4308
701 -9.4308
702 -9.4308
703 -9.4308
704 -9.4308
705 -9.4308
706 -9.4308
707 -9.4308
708 -9.4308
709 -9.4308
710 -9.4308
711 -9.4308
712 -9.4308
713 -9.4308
714 -9.4308
715 -9.4308
716 -9.4308
717 -9.4308
718 -9.4308
719 -9.4308
720 -9.4308
721 -9.4308
722 -9.4308
723 -9.4308
724 -9.4308
725 -9.4308
726 -9.4308
727 -9.4308
728 -9.4308
729 -9.4308
730 -9.4308
731 -9.4308
732 -9.4308
733 -9.4308
734 -9.4308
735 -9.4308
736 -9.4308
737 -9.4308
738 -9.4308
739 -9.4308
740 -9.4308
741 -9.4308
742 -9.4308
743 -9.4308
744 -9.4308
745 -9.4308
746 -9.4308
747 -9.4308
748 -9.4308
749 -9.4308
750 -9.4308
751 -9.4308
752 -9.4308
753 -9.4308
754 -9.4308
755 -9.4308
756 -9.4308
757 -9.4308
758 -9.4308
759 -9.4308
760 -9.4308
761 -9.4308
762 -9.4308
763 -9.4308
764 -9.4308
765 -9.4308
766 -9.4308
767 -9.4308
768 -9.4308
769 -9.4308
770 -9.4308
771 -9.4308
772 -9.4308
773 -9.4308
774 -9.4308
775 -9.4308
776 -9.4308
777 -9.4308
778 -9.4308
779 -9.4308
780 -9.4308
781 -9.4308
782 -9.4308
783 -9.4308
784 -9.4308
785 -9.4308
786 -9.4308
787 -9.4308
788 -9.4308
789 -9.4308
790 -9.4308
791 -9.4308
792 -9.4308
793 -9.4308
794 -9.4308
795 -9.4308
796 -9.4308
797 -9.4308
798 -9.4308
799 -9.4308
800 -9.4308
801 -9.4308
802 -9.4308
803 -9.4308
804 -9.4308
805 -9.4308
806 -9.4308
807 -9.4308
808 -9.4308
809 -9.4308
810 -9.4308
811 -9.4308
812 -9.4308
813 -9.4308
814 -9.4308
815 -9.43021
816 -9.43021
817 -9.43021
818 -9.43021
819 -9.43021
820 -9.43021
821 -9.43021
822 -9.43021
823 -9.43021
824 -9.43021
825 -9.43021
826 -9.43021
827 -9.43021
828 -9.43021
829 -9.43021
830 -9.43021
831 -9.43021
832 -9.43021
833 -9.43021
834 -9.43021
835 -9.43021
836 -9.43021
837 -9.43021
838 -9.43021
839 -9.42978
840 -9.42978
841 -9.42978
842 -9.42978
843 -9.42978
844 -9.42978
845 -9.42978
846 -9.42978
847 -9.42978
848 -9.42978
849 -9.42978
850 -9.42821
851 -9.42821
852 -9.42821
853 -9.42821
854 -9.42821
855 -9.42821
856 -9.42821
857 -9.42821
858 -9.42821
859 -9.42821
860 -9.42821
861 -9.42821
862 -9.42821
863 -9.42821
864 -9.42821
865 -9.42821
866 -9.42821
867 -9.42821
868 -9.42821
869 -9.42821
870 -9.42821
871 -9.42821
872 -9.42821
873 -9.42821
874 -9.42821
875 -9.42821
876 -9.42821
877 -9.42821
878 -9.42821
879 -9.42725
880 -9.42725
881 -9.42725
882 -9.42725
883 -9.42725
884 -9.42725
885 -9.42725
886 -9.42725
887 -9.42725
888 -9.42725
889 -9.42725
890 -9.42725
891 -9.42725
892 -9.42725
893 -9.42725
894 -9.42725
895 -9.42725
896 -9.42725
897 -9.42725
898 -9.42725
899 -9.42725
900 -9.42725
901 -9.42725
902 -9.42725
903 -9.42725
904 -9.42725
905 -9.42725
906 -9.41331
907 -9.41331
908 -9.41331
909 -9.41331
910 -9.41331
911 -9.41331
912 -9.41331
913 -9.41331
914 -9.41331
915 -9.41331
916 -9.41331
917 -9.41331
918 -9.41331
919 -9.41331
920 -9.41331
921 -9.41331
922 -9.41331
923 -9.41331
924 -9.41331
925 -9.41331
926 -9.41331
927 -9.41331
928 -9.41331
929 -9.41331
930 -9.41331
931 -9.41331
932 -9.41331
933 -9.41331
934 -9.41331
935 -9.41331
936 -9.41331
937 -9.41331
938 -9.41331
939 -9.41331
940 -9.41331
941 -9.41331
942 -9.41331
943 -9.41331
944 -9.41331
945 -9.41331
946 -9.41331
947 -9.41331
948 -9.41331
949 -9.41331
950 -9.41316
951 -9.41316
952 -9.41316
953 -9.41316
954 -9.41316
955 -9.41316
956 -9.41316
957 -9.41316
958 -9.41316
959 -9.41316
960 -9.41316
961 -9.41316
962 -9.41316
963 -9.41316
964 -9.41316
965 -9.41316
966 -9.41316
967 -9.41316
968 -9.41316
969 -9.41316
970 -9.41316
971 -9.41316
972 -9.41316
973 -9.41316
974 -9.41316
975 -9.41316
976 -9.41316
977 -9.41316
978 -9.41316
979 -9.41316
980 -9.41316
981 -9.41316
982 -9.41316
983 -9.41316
984 -9.41316
985 -9.41063
986 -9.41063
987 -9.41063
988 -9.41063
989 -9.41063
990 -9.41063
991 -9.41063
992 -9.41063
993 -9.41063
994 -9.41063
995 -9.41063
996 -9.41063
997 -9.41063
998 -9.41063
999 -9.41063
