0 -4513.19
1 -4513.19
2 -4513.19
3 -4513.19
4 -4513.19
5 -4513.19
6 -4513.19
7 -4513.19
8 -4513.19
9 -4513.19
10 -4513.19
11 -4513.19
12 -4513.19
13 -4513.19
14 -4513.19
15 -4513.19
16 -4513.19
17 -4513.19
18 -4513.19
19 -4513.19
20 -4332.31
21 -4332.31
22 -4332.31
23 -4332.31
24 -4332.31
25 -4332.31
26 -4332.31
27 -4332.31
28 -4332.31
29 -4332.31
30 -4332.31
31 -4332.31
32 -4332.31
33 -4332.31
34 -4332.31
35 -4332.31
36 -4332.31
37 -4332.31
38 -4332.31
39 -4293.57
40 -3872.62
41 -3872.62
42 -3192.48
43 -3192.48
44 -3153.2
45 -3153.2
46 -3153.2
47 -2833.41
48 -2833.41
49 -2833.41
50 -2833.41
51 -2833.41
52 -2833.41
53 -2833.41
54 -2833.41
55 -2833.41
56 -2833.41
57 -2833.41
58 -2833.41
59 -2833.41
60 -2597.56
61 -2597.56
62 -2597.56
63 -2597.56
64 -2597.56
65 -2597.56
66 -2597.56
67 -2097.73
68 -2097.73
69 -2097.73
70 -2097.73
71 -2097.73
72 -2097.73
73 -1771.57
74 -1771.57
75 -1771.57
76 -1771.57
77 -1638.96
78 -1638.96
79 -1638.96
80 -1638.96
81 -1292.41
82 -1292.41
83 -1292.41
84 -1292.41
85 -1292.41
86 -1292.41
87 -1292.41
88 -1292.41
89 -1191.27
90 -1191.27
91 -637.103
92 -637.103
93 -637.103
94 -637.103
95 -637.103
96 -637.103
97 -637.103
98 -637.103
99 -637.103
100 -637.103
101 -637.103
102 -637.103
103 -637.103
104 -637.103
105 -637.103
106 -637.103
107 -637.103
108 -637.103
109 -637.103
110 -637.103
111 -637.103
112 -637.103
113 -637.103
114 -637.103
115 -637.103
116 -585.692
117 -585.692
118 -585.692
119 -444.835
120 -444.835
121 -444.835
122 -340.226
123 -340.226
124 -340.226
125 -340.226
126 -340.226
127 -340.226
128 -340.226
129 -241.808
130 -241.808
131 -241.808
132 -241.808
133 -241.808
134 -241.808
135 -241.808
136 -241.808
137 -241.808
138 -241.808
139 -241.808
140 -241.808
141 -241.808
142 -241.808
143 -241.808
144 -241.808
145 -241.808
146 -241.808
147 -241.808
148 -241.808
149 -241.808
150 -197.396
151 -197.396
152 -197.396
153 -167.205
154 -167.205
155 -167.205
156 -167.205
157 -167.205
158 -167.205
159 -144.054
160 -144.054
161 -144.054
162 -144.054
163 -101.109
164 -101.109
165 -101.109
166 -101.109
167 -101.109
168 -101.109
169 -101.109
170 -80.919
171 -80.919
172 -80.919
173 -80.919
174 -80.919
175 -80.919
176 -80.919
177 -80.919
178 -80.919
179 -80.919
180 -80.919
181 -80.919
182 -77.4897
183 -77.4897
184 -77.4897
185 -77.4897
186 -63.7612
187 -63.7612
188 -63.7612
189 -61.2249
190 -61.2249
191 -61.2249
192 -56.7643
193 -34.628
194 -34.628
195 -34.628
196 -34.628
197 -34.628
198 -34.628
199 -34.628
200 -34.628
201 -34.628
202 -32.1478
203 -32.1478
204 -32.1478
205 -32.1478
206 -32.1478
207 -32.1478
208 -32.1478
209 -32.1478
210 -32.1478
211 -32.1478
212 -32.1478
213 -32.1478
214 -32.1478
215 -32.1478
216 -32.1478
217 -32.1478
218 -32.1478
219 -32.1478
220 -19.2383
221 -19.2383
222 -19.2383
223 -19.2383
224 -17.6776
225 -17.6776
226 -15.8361
227 -14.1866
228 -14.1866
229 -14.1866
230 -14.1866
231 -14.1866
232 -14.1866
233 -14.1866
234 -14.1866
235 -14.1866
236 -14.1866
237 -10.6143
238 -10.6143
239 -10.6143
240 -10.6143
241 -10.6143
242 -10.6143
243 -10.6143
244 -10.6143
245 -10.6143
246 -10.6143
247 -10.6143
248 -10.6143
249 -10.6143
250 -10.6143
251 -10.6143
252 -10.6143
253 -10.6143
254 -10.6143
255 -10.6143
256 -10.6143
257 -10.6143
258 -10.6143
259 -10.6143
260 -10.6143
261 -10.6143
262 -10.6143
263 -10.6143
264 -10.6143
265 -10.6143
266 -10.6143
267 -10.6143
268 -10.6143
269 -10.6143
270 -10.6143
271 -10.6143
272 -10.6143
273 -10.6143
274 -10.6143
275 -10.6143
276 -10.6143
277 -10.6143
278 -10.6143
279 -10.6143
280 -10.6143
281 -10.6143
282 -10.6143
283 -10.6143
284 -10.6143
285 -10.6143
286 -10.5328
287 -10.5328
288 -10.5328
289 -10.5328
290 -10.5328
291 -10.5328
292 -10.5328
293 -10.5328
294 -10.5328
295 -10.5328
296 -10.5328
297 -10.5328
298 -10.5328
299 -10.5328
300 -10.5328
301 -10.5328
302 -10.5328
303 -10.5328
304 -10.5328
305 -10.5328
306 -10.5328
307 -10.5328
308 -10.5328
309 -10.5328
310 -10.5328
311 -10.4659
312 -10.2617
313 -10.2617
314 -10.2617
315 -10.2617
316 -10.2617
317 -10.2617
318 -10.2617
319 -10.2617
320 -10.0039
321 -10.0039
322 -9.92869
323 -9.79601
324 -9.79601
325 -9.79601
326 -9.79601
327 -9.79601
328 -9.79601
329 -9.79601
330 -9.79601
331 -9.79601
332 -9.79601
333 -9.57191
334 -9.57191
335 -9.57191
336 -9.57191
337 -9.57191
338 -9.57191
339 -9.57191
340 -9.57191
341 -9.57191
342 -9.57191
343 -9.57191
344 -9.57191
345 -9.57191
346 -9.57191
347 -9.57191
348 -9.57191
349 -9.57191
350 -9.57191
351 -9.57191
352 -9.57191
353 -9.57191
354 -9.57191
355 -9.57191
356 -9.57191
357 -9.57191
358 -9.57191
359 -9.57191
360 -9.57191
361 -9.57191
362 -9.57191
363 -9.57191
364 -9.57191
365 -9.57191
366 -9.57191
367 -9.57191
368 -9.57191
369 -9.57191
370 -9.57191
371 -9.57191
372 -9.57191
373 -9.57191
374 -9.57191
375 -9.57191
376 -9.57191
377 -9.57191
378 -9.57191
379 -9.57191
380 -9.57191
381 -9.57191
382 -9.57191
383 -9.57191
384 -9.57191
385 -9.57191
386 -9.57191
387 -9.57191
388 -9.57191
389 -9.57191
390 -9.57191
391 -9.57191
392 -9.57191
393 -9.57191
394 -9.57191
395 -9.57191
396 -9.57191
397 -9.57191
398 -9.57191
399 -9.57191
400 -9.57191
401 -9.57191
402 -9.55089
403 -9.55089
404 -9.55089
405 -9.55089
406 -9.55089
407 -9.55089
408 -9.55089
409 -9.55089
410 -9.55089
411 -9.55089
412 -9.55089
413 -9.55089
414 -9.55089
415 -9.55089
416 -9.55089
417 -9.55089
418 -9.55089
419 -9.55089
420 -9.55089
421 -9.55089
422 -9.55089
423 -9.55089
424 -9.53647
425 -9.53647
426 -9.53647
427 -9.53647
428 -9.53647
429 -9.53647
430 -9.53647
431 -9.53647
432 -9.53647
433 -9.53647
434 -9.53647
435 -9.53647
436 -9.53647
437 -9.53647
438 -9.53647
439 -9.53647
440 -9.53647
441 -9.53647
442 -9.53647
443 -9.53647
444 -9.53647
445 -9.53647
446 -9.53647
447 -9.53647
448 -9.53647
449 -9.53647
450 -9.53647
451 -9.53647
452 -9.53647
453 -9.53647
454 -9.53647
455 -9.53647
456 -9.53647
457 -9.53647
458 -9.53647
459 -9.53647
460 -9.53647
461 -9.53647
462 -9.51203
463 -9.51203
464 -9.51203
465 -9.51203
466 -9.51203
467 -9.51203
468 -9.51203
469 -9.51203
470 -9.51203
471 -9.51203
472 -9.51203
473 -9.51203
474 -9.51203
475 -9.51203
476 -9.51203
477 -9.51203
478 -9.51203
479 -9.51203
480 -9.51203
481 -9.51203
482 -9.51203
483 -9.51203
484 -9.51203
485 -9.51203
486 -9.51203
487 -9.51203
488 -9.51203
489 -9.51203
490 -9.51203
491 -9.51203
492 -9.51203
493 -9.51203
494 -9.51203
495 -9.51203
496 -9.51203
497 -9.51203
498 -9.51203
499 -9.51203
500 -9.51203
501 -9.51203
502 -9.51203
503 -9.51203
504 -9.51203
505 -9.51203
506 -9.51203
507 -9.51203
508 -9.51203
509 -9.51203
510 -9.51203
511 -9.51203
512 -9.51203
513 -9.51203
514 -9.51203
515 -9.51203
516 -9.51203
517 -9.51203
518 -9.51203
519 -9.51203
520 -9.51203
521 -9.51203
522 -9.51203
523 -9.51203
524 -9.51203
525 -9.51203
526 -9.51203
527 -9.51203
528 -9.50556
529 -9.50556
530 -9.50556
531 -9.50556
532 -9.50556
533 -9.50556
534 -9.50556
535 -9.50556
536 -9.50556
537 -9.50556
538 -9.50556
539 -9.50556
540 -9.50556
541 -9.50556
542 -9.50556
543 -9.50556
544 -9.50556
545 -9.50556
546 -9.50556
547 -9.50556
548 -9.50556
549 -9.46761
550 -9.46761
551 -9.46761
552 -9.46761
553 -9.46761
554 -9.46761
555 -9.46761
556 -9.46761
557 -9.46761
558 -9.46761
559 -9.46761
560 -9.46761
561 -9.46761
562 -9.46761
563 -9.46761
564 -9.46761
565 -9.46761
566 -9.46761
567 -9.46761
568 -9.46761
569 -9.46761
570 -9.46761
571 -9.46507
572 -9.46507
573 -9.46507
574 -9.46507
575 -9.46507
576 -9.46507
577 -9.46507
578 -9.46507
579 -9.46507
580 -9.46507
581 -9.46507
582 -9.46507
583 -9.46507
584 -9.46507
585 -9.46507
586 -9.46507
587 -9.46507
588 -9.46507
589 -9.46507
590 -9.46507
591 -9.46507
592 -9.46507
593 -9.46507
594 -9.46507
595 -9.46507
596 -9.46507
597 -9.44772
598 -9.44772
599 -9.44772
600 -9.44772
601 -9.44772
602 -9.44772
603 -9.44772
604 -9.44772
605 -9.44772
606 -9.44772
607 -9.44078
608 -9.44078
609 -9.44078
610 -9.44078
611 -9.44078
612 -9.44078
613 -9.44078
614 -9.44078
615 -9.44078
616 -9.44078
617 -9.44078
618 -9.44078
619 -9.44078
620 -9.44078
621 -9.44078
622 -9.44078
623 -9.44078
624 -9.44078
625 -9.44078
626 -9.44078
627 -9.44078
628 -9.44078
629 -9.44078
630 -9.44078
631 -9.44078
632 -9.44078
633 -9.44078
634 -9.44078
635 -9.44078
636 -9.44078
637 -9.44078
638 -9.439
639 -9.439
640 -9.439
641 -9.439
642 -9.439
643 -9.439
644 -9.439
645 -9.439
646 -9.439
647 -9.439
648 -9.439
649 -9.439
650 -9.439
651 -9.439
652 -9.439
653 -9.439
654 -9.439
655 -9.439
656 -9.439
657 -9.439
658 -9.439
659 -9.439
660 -9.439
661 -9.439
662 -9.439
663 -9.43396
664 -9.43396
665 -9.43396
666 -9.43396
667 -9.43396
668 -9.43396
669 -9.43396
670 -9.43396
671 -9.43396
672 -9.43396
673 -9.43396
674 -9.43396
675 -9.43396
676 -9.43396
677 -9.43396
678 -9.43396
679 -9.43396
680 -9.43396
681 -9.43396
682 -9.43396
683 -9.43396
684 -9.43396
685 -9.43396
686 -9.43396
687 -9.43396
688 -9.43396
689 -9.43396
690 -9.43396
691 -9.43396
692 -9.43396
693 -9.43396
694 -9.43396
695 -9.43396
696 -9.43396
697 -9.43396
698 -9.43396
699 -9.43396
700 -9.43396
701 -9.43396
702 -9.43396
703 -9.43396
704 -9.43396
705 -9.43396
706 -9.43396
707 -9.43396
708 -9.43396
709 -9.43396
710 -9.43396
711 -9.43396
712 -9.43396
713 -9.43396
714 -9.43396
715 -9.43396
716 -9.43396
717 -9.43396
718 -9.43396
719 -9.43396
720 -9.43396
721 -9.43396
722 -9.43396
723 -9.43396
724 -9.43396
725 -9.43396
726 -9.43396
727 -9.43396
728 -9.43396
729 -9.43396
730 -9.43396
731 -9.43396
732 -9.4333
733 -9.4333
734 -9.4333
735 -9.4333
736 -9.4333
737 -9.4333
738 -9.4333
739 -9.4333
740 -9.4333
741 -9.4333
742 -9.4333
743 -9.4333
744 -9.4333
745 -9.4333
746 -9.4333
747 -9.4333
748 -9.4333
749 -9.4295
750 -9.4295
751 -9.4295
752 -9.4295
753 -9.4295
754 -9.4295
755 -9.4295
756 -9.4295
757 -9.4295
758 -9.4295
759 -9.4295
760 -9.4295
761 -9.4295
762 -9.4295
763 -9.4295
764 -9.4295
765 -9.4295
766 -9.4295
767 -9.4295
768 -9.4295
769 -9.4295
770 -9.4295
771 -9.4295
772 -9.4295
773 -9.4295
774 -9.4295
775 -9.4295
776 -9.4295
777 -9.4295
778 -9.4295
779 -9.4295
780 -9.4295
781 -9.4295
782 -9.4295
783 -9.4295
784 -9.4295
785 -9.4295
786 -9.4295
787 -9.4295
788 -9.4295
789 -9.4295
790 -9.4295
791 -9.4295
792 -9.4295
793 -9.4295
794 -9.4295
795 -9.4295
796 -9.4295
797 -9.4295
798 -9.4295
799 -9.4295
800 -9.4295
801 -9.4295
802 -9.4295
803 -9.4295
804 -9.4295
805 -9.4295
806 -9.4295
807 -9.4295
808 -9.4295
809 -9.4295
810 -9.4295
811 -9.4295
812 -9.4295
813 -9.4295
814 -9.4295
815 -9.4295
816 -9.4295
817 -9.4295
818 -9.4295
819 -9.4295
820 -9.4295
821 -9.4295
822 -9.4295
823 -9.4295
824 -9.4295
825 -9.41642
826 -9.41642
827 -9.41642
828 -9.41642
829 -9.41552
830 -9.41552
831 -9.41552
832 -9.41552
833 -9.41552
834 -9.41552
835 -9.41552
836 -9.41552
837 -9.41552
838 -9.41552
839 -9.41552
840 -9.41552
841 -9.41552
842 -9.41552
843 -9.41552
844 -9.41552
845 -9.41552
846 -9.41552
847 -9.41552
848 -9.41552
849 -9.41552
850 -9.41552
851 -9.41552
852 -9.41552
853 -9.41552
854 -9.41552
855 -9.41552
856 -9.41552
857 -9.41552
858 -9.41552
859 -9.41552
860 -9.41552
861 -9.41552
862 -9.41552
863 -9.41552
864 -9.41552
865 -9.41552
866 -9.41552
867 -9.41552
868 -9.41552
869 -9.41552
870 -9.41552
871 -9.41552
872 -9.41552
873 -9.41552
874 -9.41552
875 -9.41552
876 -9.41552
877 -9.41552
878 -9.41552
879 -9.41552
880 -9.41552
881 -9.41552
882 -9.41552
883 -9.41552
884 -9.41552
885 -9.41552
886 -9.41552
887 -9.41552
888 -9.41552
889 -9.41552
890 -9.41552
891 -9.41552
892 -9.41552
893 -9.41552
894 -9.41552
895 -9.41552
896 -9.41552
897 -9.41552
898 -9.41552
899 -9.41552
900 -9.41552
901 -9.41552
902 -9.41552
903 -9.41552
904 -9.41552
905 -9.41552
906 -9.41552
907 -9.41552
908 -9.41552
909 -9.41552
910 -9.41552
911 -9.41552
912 -9.41552
913 -9.41552
914 -9.41552
915 -9.41552
916 -9.41552
917 -9.41552
918 -9.41552
919 -9.41552
920 -9.41552
921 -9.41552
922 -9.41552
923 -9.41552
924 -9.41552
925 -9.41552
926 -9.41552
927 -9.41552
928 -9.41552
929 -9.41552
930 -9.41552
931 -9.41552
932 -9.41552
933 -9.41552
934 -9.41552
935 -9.41552
936 -9.41552
937 -9.41552
938 -9.41552
939 -9.41552
940 -9.41552
941 -9.41552
942 -9.41552
943 -9.41552
944 -9.41552
945 -9.41552
946 -9.41552
947 -9.41552
948 -9.41552
949 -9.41552
950 -9.41552
951 -9.41552
952 -9.41552
953 -9.41552
954 -9.41552
955 -9.41552
956 -9.41552
957 -9.41552
958 -9.41552
959 -9.41552
960 -9.41552
961 -9.41552
962 -9.41552
963 -9.41552
964 -9.41552
965 -9.41552
966 -9.41552
967 -9.41552
968 -9.41552
969 -9.41552
970 -9.41552
971 -9.41552
972 -9.41552
973 -9.41552
974 -9.41552
975 -9.41552
976 -9.41552
977 -9.41552
978 -9.41552
979 -9.41552
980 -9.41552
981 -9.41552
982 -9.41552
983 -9.41552
984 -9.41552
985 -9.41552
986 -9.41552
987 -9.41552
988 -9.41552
989 -9.41552
990 -9.41552
991 -9.41552
992 -9.41552
993 -9.41552
994 -9.41552
995 -9.41552
996 -9.41552
997 -9.41552
998 -9.41552
999 -9.41552
