0 -4109.29
1 -4109.29
2 -4109.29
3 -4109.29
4 -4109.29
5 -4109.29
6 -4109.29
7 -4109.29
8 -4109.29
9 -4109.29
10 -4109.29
11 -4109.29
12 -4109.29
13 -4109.29
14 -4109.29
15 -4109.29
16 -4109.29
17 -4109.29
18 -4109.29
19 -4109.29
20 -4109.29
21 -4109.29
22 -4109.29
23 -4109.29
24 -4109.29
25 -4109.29
26 -4109.29
27 -4109.29
28 -4109.29
29 -4109.29
30 -4109.29
31 -4109.29
32 -4109.29
33 -4109.29
34 -4109.29
35 -4109.29
36 -4109.29
37 -4109.29
38 -4109.29
39 -4109.29
40 -4109.29
41 -4109.29
42 -4109.29
43 -4109.29
44 -4109.29
45 -4109.29
46 -4109.29
47 -4109.29
48 -4109.29
49 -4109.29
50 -4109.29
51 -4109.29
52 -4109.29
53 -4109.29
54 -4109.29
55 -4109.29
56 -4109.29
57 -4109.29
58 -4109.29
59 -4109.29
60 -4109.29
61 -4109.29
62 -3746.7
63 -3317.78
64 -3317.78
65 -3317.78
66 -3317.78
67 -3317.78
68 -3317.78
69 -3317.78
70 -3317.78
71 -3317.78
72 -3317.78
73 -3317.78
74 -3317.78
75 -3317.78
76 -3317.78
77 -3317.78
78 -3317.78
79 -3317.78
80 -3317.78
81 -3317.78
82 -3317.78
83 -3317.78
84 -3317.78
85 -3317.78
86 -3317.78
87 -3317.78
88 -3317.78
89 -3317.78
90 -3317.78
91 -3317.78
92 -3317.78
93 -3317.78
94 -3317.78
95 -2529.99
96 -2529.99
97 -2529.99
98 -2529.99
99 -2529.99
100 -2529.99
101 -2529.99
102 -2529.99
103 -2529.99
104 -2529.99
105 -2529.99
106 -2529.99
107 -2529.99
108 -2529.99
109 -2529.99
110 -2529.99
111 -2529.99
112 -2529.99
113 -2529.99
114 -2529.99
115 -2529.99
116 -2529.99
117 -2529.99
118 -2529.99
119 -2529.99
120 -2529.99
121 -2529.99
122 -2529.99
123 -2529.99
124 -2529.99
125 -2529.99
126 -2529.99
127 -2529.99
128 -2529.99
129 -2529.99
130 -2529.99
131 -2529.99
132 -2529.99
133 -2529.99
134 -2529.99
135 -2529.99
136 -2529.99
137 -2061.43
138 -2061.43
139 -2061.43
140 -2061.43
141 -2061.43
142 -2061.43
143 -1815.13
144 -1815.13
145 -1815.13
146 -1815.13
147 -1815.13
148 -1815.13
149 -1815.13
150 -1815.13
151 -1815.13
152 -1815.13
153 -1815.13
154 -1815.13
155 -1815.13
156 -1815.13
157 -1815.13
158 -1815.13
159 -1387.89
160 -1387.89
161 -1387.89
162 -1387.89
163 -1387.89
164 -1387.89
165 -1387.89
166 -1387.89
167 -1387.89
168 -1387.89
169 -1387.89
170 -1387.89
171 -1387.89
172 -1387.89
173 -1387.89
174 -1387.89
175 -1387.89
176 -1387.89
177 -1387.89
178 -1387.89
179 -1387.89
180 -1387.89
181 -1387.89
182 -1387.89
183 -1387.89
184 -1387.89
185 -1387.89
186 -1387.89
187 -1387.89
188 -1214.09
189 -1214.09
190 -1214.09
191 -1214.09
192 -1214.09
193 -1214.09
194 -1214.09
195 -1214.09
196 -1214.09
197 -1214.09
198 -1214.09
199 -1214.09
200 -1214.09
201 -1214.09
202 -1214.09
203 -1214.09
204 -1214.09
205 -1214.09
206 -1123.28
207 -1123.28
208 -1123.28
209 -1045.95
210 -1045.95
211 -1045.95
212 -1045.95
213 -919.63
214 -919.63
215 -919.63
216 -722.415
217 -722.415
218 -722.415
219 -722.415
220 -722.415
221 -722.415
222 -722.415
223 -722.415
224 -722.415
225 -722.415
226 -722.415
227 -722.415
228 -722.415
229 -722.415
230 -722.415
231 -722.415
232 -722.415
233 -722.415
234 -722.415
235 -722.415
236 -722.415
237 -722.415
238 -722.415
239 -722.415
240 -636.856
241 -636.856
242 -636.856
243 -636.856
244 -636.856
245 -636.856
246 -636.856
247 -636.856
248 -524.836
249 -524.836
250 -524.836
251 -524.836
252 -524.836
253 -524.836
254 -524.836
255 -524.836
256 -524.836
257 -524.836
258 -524.836
259 -524.836
260 -524.836
261 -524.836
262 -506.11
263 -506.11
264 -506.11
265 -506.11
266 -506.11
267 -506.11
268 -327.525
269 -327.525
270 -327.525
271 -327.525
272 -327.525
273 -327.525
274 -327.525
275 -327.525
276 -327.525
277 -327.525
278 -327.525
279 -327.525
280 -327.525
281 -327.525
282 -327.525
283 -327.525
284 -200.27
285 -200.27
286 -200.27
287 -200.27
288 -200.27
289 -200.27
290 -200.27
291 -179.858
292 -179.858
293 -179.858
294 -179.858
295 -179.858
296 -179.858
297 -179.858
298 -179.858
299 -179.858
300 -179.858
301 -179.858
302 -179.858
303 -179.858
304 -179.858
305 -179.858
306 -179.858
307 -179.858
308 -179.858
309 -179.858
310 -179.858
311 -179.858
312 -179.858
313 -179.858
314 -179.858
315 -179.858
316 -179.858
317 -179.858
318 -179.858
319 -179.858
320 -179.858
321 -179.858
322 -179.858
323 -179.858
324 -179.858
325 -179.858
326 -179.858
327 -179.858
328 -179.858
329 -179.858
330 -179.858
331 -179.858
332 -179.858
333 -179.858
334 -179.858
335 -179.858
336 -179.858
337 -179.858
338 -179.858
339 -179.858
340 -179.858
341 -178.303
342 -173.703
343 -135.185
344 -135.185
345 -135.185
346 -135.185
347 -135.185
348 -135.185
349 -135.185
350 -135.185
351 -135.185
352 -135.185
353 -135.185
354 -135.185
355 -135.185
356 -135.185
357 -135.185
358 -135.185
359 -135.185
360 -135.185
361 -135.185
362 -135.185
363 -135.185
364 -92.5743
365 -92.5743
366 -92.5743
367 -92.5743
368 -92.5743
369 -92.5743
370 -92.5743
371 -92.5743
372 -92.5743
373 -92.5743
374 -92.5743
375 -92.5743
376 -92.5743
377 -92.5743
378 -92.5743
379 -92.5743
380 -92.5743
381 -92.5743
382 -92.5743
383 -92.5743
384 -92.5743
385 -92.5743
386 -89.3661
387 -89.3661
388 -89.3661
389 -89.3661
390 -89.3661
391 -72.6693
392 -72.6693
393 -72.6693
394 -72.6693
395 -37.7767
396 -37.7767
397 -37.7767
398 -37.7767
399 -37.7767
400 -37.7767
401 -37.7767
402 -37.7767
403 -37.7767
404 -37.7767
405 -37.7767
406 -37.7767
407 -37.7767
408 -37.7767
409 -37.7767
410 -37.7767
411 -37.7767
412 -37.7767
413 -37.7767
414 -37.7767
415 -37.7767
416 -37.7767
417 -37.7767
418 -37.7767
419 -37.7767
420 -37.7767
421 -37.7767
422 -37.7767
423 -37.7767
424 -37.7767
425 -37.7767
426 -37.7767
427 -37.7767
428 -37.7767
429 -37.7767
430 -37.7767
431 -37.7767
432 -37.7767
433 -37.7767
434 -37.7767
435 -37.7767
436 -37.7767
437 -37.7767
438 -37.7767
439 -37.7767
440 -37.7767
441 -37.7767
442 -37.7767
443 -37.7767
444 -37.7767
445 -37.7767
446 -37.7767
447 -37.7767
448 -37.7767
449 -37.7767
450 -37.7767
451 -37.7767
452 -37.7767
453 -37.7767
454 -37.7767
455 -35.1354
456 -35.1354
457 -35.1354
458 -35.1354
459 -35.1354
460 -35.1354
461 -35.1354
462 -35.1354
463 -33.2987
464 -33.2987
465 -33.2987
466 -27.8495
467 -27.8495
468 -27.8495
469 -27.8495
470 -27.8495
471 -27.8495
472 -27.8495
473 -27.8495
474 -18.4388
475 -18.4388
476 -18.4388
477 -18.4388
478 -18.4388
479 -18.4388
480 -18.4388
481 -18.4388
482 -18.4388
483 -18.4388
484 -18.4388
485 -17.2732
486 -17.2732
487 -17.2732
488 -15.6627
489 -15.6627
490 -15.6627
491 -15.6627
492 -15.6627
493 -15.6627
494 -12.8704
495 -12.8704
496 -12.8704
497 -12.8704
498 -12.8704
499 -12.8704
500 -12.8704
501 -12.8704
502 -12.8704
503 -12.8704
504 -12.8704
505 -12.8704
506 -12.8704
507 -12.8704
508 -12.8704
509 -12.8704
510 -12.8704
511 -12.8704
512 -12.8704
513 -10.444
514 -10.444
515 -10.444
516 -10.444
517 -10.444
518 -10.444
519 -10.444
520 -10.444
521 -10.444
522 -10.444
523 -10.444
524 -10.444
525 -10.444
526 -10.444
527 -10.444
528 -10.444
529 -10.444
530 -10.444
531 -10.444
532 -10.444
533 -10.444
534 -10.444
535 -10.444
536 -10.444
537 -10.444
538 -10.444
539 -10.444
540 -10.444
541 -10.444
542 -10.444
543 -10.444
544 -10.444
545 -10.444
546 -10.444
547 -10.444
548 -10.444
549 -10.444
550 -10.444
551 -10.444
552 -10.444
553 -10.444
554 -10.444
555 -10.444
556 -10.444
557 -10.444
558 -10.444
559 -10.444
560 -10.444
561 -10.444
562 -10.444
563 -10.444
564 -10.444
565 -10.444
566 -10.444
567 -10.444
568 -10.444
569 -10.444
570 -10.444
571 -10.444
572 -10.444
573 -10.444
574 -10.444
575 -10.444
576 -10.444
577 -10.444
578 -10.444
579 -10.444
580 -10.444
581 -10.444
582 -10.444
583 -10.444
584 -10.444
585 -10.444
586 -10.444
587 -10.444
588 -10.444
589 -10.444
590 -10.444
591 -10.444
592 -10.444
593 -10.444
594 -10.444
595 -10.444
596 -10.444
597 -10.444
598 -10.444
599 -10.444
600 -10.444
601 -10.444
602 -10.444
603 -10.444
604 -10.444
605 -10.444
606 -10.444
607 -10.444
608 -10.444
609 -10.444
610 -10.444
611 -10.444
612 -10.444
613 -10.444
614 -10.444
615 -10.444
616 -10.444
617 -10.444
618 -10.444
619 -10.444
620 -10.2099
621 -10.2099
622 -10.2099
623 -10.2099
624 -10.2099
625 -10.2099
626 -10.2099
627 -10.2099
628 -10.2099
629 -10.2099
630 -10.2099
631 -10.2099
632 -10.2099
633 -10.2099
634 -10.2099
635 -10.2099
636 -10.2099
637 -10.2099
638 -10.2099
639 -10.2099
640 -10.2099
641 -10.2099
642 -10.2099
643 -10.2099
644 -10.2099
645 -10.2099
646 -10.2099
647 -10.2099
648 -10.2099
649 -10.2099
650 -10.2099
651 -10.2099
652 -10.2099
653 -10.2099
654 -10.2099
655 -10.2099
656 -10.2099
657 -10.2099
658 -10.2099
659 -10.2099
660 -10.2099
661 -10.2099
662 -10.2099
663 -10.2099
664 -10.2099
665 -10.2099
666 -10.2099
667 -10.2099
668 -10.2099
669 -9.99173
670 -9.99173
671 -9.99173
672 -9.99173
673 -9.99173
674 -9.99173
675 -9.99173
676 -9.99173
677 -9.99173
678 -9.99173
679 -9.99173
680 -9.99173
681 -9.99173
682 -9.99173
683 -9.8839
684 -9.8839
685 -9.8839
686 -9.8839
687 -9.8839
688 -9.8839
689 -9.8839
690 -9.8839
691 -9.8839
692 -9.8839
693 -9.8839
694 -9.8839
695 -9.8839
696 -9.8839
697 -9.8839
698 -9.79418
699 -9.79418
700 -9.79418
701 -9.79418
702 -9.79418
703 -9.79418
704 -9.79418
705 -9.79418
706 -9.79418
707 -9.79418
708 -9.74456
709 -9.74456
710 -9.74456
711 -9.74456
712 -9.74456
713 -9.74456
714 -9.69129
715 -9.69129
716 -9.69129
717 -9.69129
718 -9.69129
719 -9.69129
720 -9.69129
721 -9.69129
722 -9.69129
723 -9.58264
724 -9.58264
725 -9.58264
726 -9.58264
727 -9.58264
728 -9.58264
729 -9.58264
730 -9.58264
731 -9.58264
732 -9.58264
733 -9.58264
734 -9.58264
735 -9.58264
736 -9.58264
737 -9.58264
738 -9.58264
739 -9.58264
740 -9.58264
741 -9.58264
742 -9.58264
743 -9.58264
744 -9.58264
745 -9.58264
746 -9.58264
747 -9.58264
748 -9.58264
749 -9.58264
750 -9.58264
751 -9.58264
752 -9.58264
753 -9.58264
754 -9.56279
755 -9.56279
756 -9.56279
757 -9.56279
758 -9.56279
759 -9.56279
760 -9.56279
761 -9.56279
762 -9.56279
763 -9.56279
764 -9.56279
765 -9.56279
766 -9.56279
767 -9.56279
768 -9.56279
769 -9.56279
770 -9.56279
771 -9.56279
772 -9.56279
773 -9.56279
774 -9.56279
775 -9.56279
776 -9.56279
777 -9.56279
778 -9.56279
779 -9.56279
780 -9.56279
781 -9.56279
782 -9.56279
783 -9.56279
784 -9.56279
785 -9.56279
786 -9.56279
787 -9.56279
788 -9.56279
789 -9.56279
790 -9.56279
791 -9.56279
792 -9.56279
793 -9.56279
794 -9.56279
795 -9.56279
796 -9.56279
797 -9.56279
798 -9.56279
799 -9.56279
800 -9.56279
801 -9.56279
802 -9.56279
803 -9.56279
804 -9.56279
805 -9.56279
806 -9.56279
807 -9.56279
808 -9.56279
809 -9.56279
810 -9.56279
811 -9.56279
812 -9.56279
813 -9.56279
814 -9.56279
815 -9.56279
816 -9.56279
817 -9.56279
818 -9.56279
819 -9.56279
820 -9.56279
821 -9.56279
822 -9.56279
823 -9.56279
824 -9.56279
825 -9.56279
826 -9.56279
827 -9.56279
828 -9.56279
829 -9.56279
830 -9.56279
831 -9.56279
832 -9.56279
833 -9.56279
834 -9.56279
835 -9.56279
836 -9.56279
837 -9.56279
838 -9.56279
839 -9.56279
840 -9.56279
841 -9.56279
842 -9.56279
843 -9.56279
844 -9.56279
845 -9.56279
846 -9.56279
847 -9.56279
848 -9.56279
849 -9.56279
850 -9.56279
851 -9.56279
852 -9.56279
853 -9.56279
854 -9.56279
855 -9.56279
856 -9.56279
857 -9.56279
858 -9.56279
859 -9.56279
860 -9.56279
861 -9.56279
862 -9.56279
863 -9.56279
864 -9.56279
865 -9.56279
866 -9.5264
867 -9.5264
868 -9.5264
869 -9.5264
870 -9.5264
871 -9.5264
872 -9.5264
873 -9.5264
874 -9.5264
875 -9.5264
876 -9.5264
877 -9.5264
878 -9.5264
879 -9.5264
880 -9.5264
881 -9.5264
882 -9.5264
883 -9.5264
884 -9.5264
885 -9.5264
886 -9.5264
887 -9.5264
888 -9.5264
889 -9.5264
890 -9.5264
891 -9.5264
892 -9.5264
893 -9.5264
894 -9.5264
895 -9.5264
896 -9.5264
897 -9.5264
898 -9.5264
899 -9.5264
900 -9.5264
901 -9.5264
902 -9.5264
903 -9.5264
904 -9.5264
905 -9.5264
906 -9.5264
907 -9.5264
908 -9.5264
909 -9.5264
910 -9.5264
911 -9.5264
912 -9.5264
913 -9.5264
914 -9.5264
915 -9.51566
916 -9.51566
917 -9.51566
918 -9.51566
919 -9.51566
920 -9.51566
921 -9.51566
922 -9.51566
923 -9.51566
924 -9.51566
925 -9.51566
926 -9.51091
927 -9.51091
928 -9.51091
929 -9.51091
930 -9.51091
931 -9.51091
932 -9.51091
933 -9.51091
934 -9.51091
935 -9.51091
936 -9.51091
937 -9.51091
938 -9.51091
939 -9.51091
940 -9.51091
941 -9.51091
942 -9.51091
943 -9.51091
944 -9.50777
945 -9.48141
946 -9.48141
947 -9.48141
948 -9.48141
949 -9.48141
950 -9.48141
951 -9.48141
952 -9.48141
953 -9.48141
954 -9.48141
955 -9.48141
956 -9.48141
957 -9.48141
958 -9.48141
959 -9.48141
960 -9.48141
961 -9.48141
962 -9.48141
963 -9.48141
964 -9.48141
965 -9.48141
966 -9.48141
967 -9.48141
968 -9.48141
969 -9.48141
970 -9.48141
971 -9.48141
972 -9.48141
973 -9.48141
974 -9.48141
975 -9.48141
976 -9.48141
977 -9.47011
978 -9.47011
979 -9.47011
980 -9.47011
981 -9.47011
982 -9.47011
983 -9.47011
984 -9.47011
985 -9.47011
986 -9.47011
987 -9.47011
988 -9.47011
989 -9.47011
990 -9.47011
991 -9.47011
992 -9.47011
993 -9.47011
994 -9.47011
995 -9.47011
996 -9.47011
997 -9.47011
998 -9.47011
999 -9.47011
